 ira =            3   masha =     13938760
           0           0           3
           0           1        3753
          -1           1        3752
          -2           1        3751
          -2           0           1
          -1           0           2
          -1          -1    14058752
           0          -1    14058753
           1          -1    14058754
           2          -1    14058755
           2           0           5
           2           1        3755
           1           1        3754
           1           2        7504
           0           2        7503
           0           3       11253
           1           3       11254
           2           3       11255
           2           2        7505
           3           2        7506
           4           2        7507
           5           2        7508
           5           3       11258
           4           3       11257
           4           4       15007
           5           4       15008
           6           4       15009
           6           5       18759
           7           5       18760
           7           4       15010
           8           4       15011
           8           5       18761
           9           5       18762
           9           4       15012
           9           3       11262
          10           3       11263
          10           4       15013
          10           5       18763
          10           6       22513
          10           7       26263
          11           7       26264
          12           7       26265
          13           7       26266
          13           6       22516
          12           6       22515
          11           6       22514
          11           5       18764
          12           5       18765
          12           4       15015
          11           4       15014
          11           3       11264
          12           3       11265
          13           3       11266
          14           3       11267
          15           3       11268
          15           2        7518
          15           1        3768
          14           1        3767
          14           2        7517
          13           2        7516
          12           2        7515
          12           1        3765
          13           1        3766
          13           0          16
          12           0          15
          12          -1    14058765
          11          -1    14058764
          11           0          14
          11           1        3764
          11           2        7514
          10           2        7513
          10           1        3763
          10           0          13
          10          -1    14058763
           9          -1    14058762
           9           0          12
           9           1        3762
           8           1        3761
           8           2        7511
           8           3       11261
           7           3       11260
           6           3       11259
           6           2        7509
           7           2        7510
           7           1        3760
           6           1        3759
           5           1        3758
           5           0           8
           5          -1    14058758
           5          -2    14055008
           6          -2    14055009
           6          -1    14058759
           6           0           9
           7           0          10
           7          -1    14058760
           8          -1    14058761
           8          -2    14055011
           8          -3    14051261
           9          -3    14051262
          10          -3    14051263
          10          -2    14055013
          11          -2    14055014
          12          -2    14055015
          12          -3    14051265
          11          -3    14051264
          11          -4    14047514
          12          -4    14047515
          13          -4    14047516
          13          -5    14043766
          13          -6    14040016
          14          -6    14040017
          14          -7    14036267
          13          -7    14036266
          12          -7    14036265
          12          -8    14032515
          11          -8    14032514
          10          -8    14032513
          10          -7    14036263
          11          -7    14036264
          11          -6    14040014
          12          -6    14040015
          12          -5    14043765
          11          -5    14043764
          10          -5    14043763
          10          -4    14047513
           9          -4    14047512
           8          -4    14047511
           8          -5    14043761
           7          -5    14043760
           6          -5    14043759
           6          -4    14047509
           6          -3    14051259
           5          -3    14051258
           5          -4    14047508
           4          -4    14047507
           4          -5    14043757
           3          -5    14043756
           3          -4    14047506
           3          -3    14051256
           4          -3    14051257
           4          -2    14055007
           4          -1    14058757
           4           0           7
           4           1        3757
           3           1        3756
           3           0           6
           3          -1    14058756
           3          -2    14055006
           2          -2    14055005
           2          -3    14051255
           2          -4    14047505
           2          -5    14043755
           2          -6    14040005
           2          -7    14036255
           1          -7    14036254
           1          -6    14040004
           1          -5    14043754
           1          -4    14047504
           1          -3    14051254
           0          -3    14051253
          -1          -3    14051252
          -2          -3    14051251
          -3          -3    14055000
          -4          -3    14054999
          -5          -3    14054998
          -6          -3    14054997
          -6          -2    14058747
          -6          -1    14062497
          -7          -1    14062496
          -7          -2    14058746
          -7          -3    14054996
          -7          -4    14051246
          -6          -4    14051247
          -6          -5    14047497
          -7          -5    14047496
          -7          -6    14043746
          -7          -7    14039996
          -7          -8    14036246
          -7          -9    14032496
          -8          -9    14032495
          -9          -9    14032494
          -9          -8    14036244
          -8          -8    14036245
          -8          -7    14039995
          -9          -7    14039994
          -9          -6    14043744
          -8          -6    14043745
          -8          -5    14047495
          -9          -5    14047494
          -9          -4    14051244
          -8          -4    14051245
          -8          -3    14054995
          -8          -2    14058745
          -9          -2    14058744
          -9          -3    14054994
         -10          -3    14054993
         -10          -4    14051243
         -11          -4    14051242
         -12          -4    14051241
         -12          -5    14047491
         -12          -6    14043741
         -12          -7    14039991
         -11          -7    14039992
         -11          -6    14043742
         -11          -5    14047492
         -10          -5    14047493
         -10          -6    14043743
         -10          -7    14039993
         -10          -8    14036243
         -11          -8    14036242
         -12          -8    14036241
         -12          -9    14032491
         -11          -9    14032492
         -11         -10    14028742
         -12         -10    14028741
         -13         -10    14028740
         -13         -11    14024990
         -13         -12    14021240
         -14         -12    14021239
         -14         -13    14017489
         -13         -13    14017490
         -13         -14    14013740
         -13         -15    14009990
         -13         -16    14006240
         -14         -16    14006239
         -14         -17    14002489
         -15         -17    14002488
         -15         -16    14006238
         -15         -15    14009988
         -14         -15    14009989
         -14         -14    14013739
         -15         -14    14013738
         -15         -13    14017488
         -16         -13    14017487
         -17         -13    14017486
         -17         -12    14021236
         -18         -12    14021235
         -18         -11    14024985
         -19         -11    14024984
         -19         -12    14021234
         -19         -13    14017484
         -20         -13    14017483
         -20         -14    14013733
         -20         -15    14009983
         -20         -16    14006233
         -21         -16    14006232
         -21         -15    14009982
         -22         -15    14009981
         -23         -15    14009980
         -24         -15    14009979
         -24         -16    14006229
         -23         -16    14006230
         -22         -16    14006231
         -22         -17    14002481
         -21         -17    14002482
         -20         -17    14002483
         -19         -17    14002484
         -19         -16    14006234
         -19         -15    14009984
         -19         -14    14013734
         -18         -14    14013735
         -18         -15    14009985
         -18         -16    14006235
         -17         -16    14006236
         -17         -15    14009986
         -16         -15    14009987
         -16         -16    14006237
         -16         -17    14002487
         -17         -17    14002486
         -18         -17    14002485
         -18         -18    13998735
         -17         -18    13998736
         -17         -19    13994986
         -18         -19    13994985
         -18         -20    13991235
         -19         -20    13991234
         -19         -19    13994984
         -19         -18    13998734
         -20         -18    13998733
         -21         -18    13998732
         -22         -18    13998731
         -23         -18    13998730
         -23         -17    14002480
         -24         -17    14002479
         -24         -18    13998729
         -25         -18    13998728
         -25         -19    13994978
         -24         -19    13994979
         -23         -19    13994980
         -22         -19    13994981
         -22         -20    13991231
         -21         -20    13991232
         -21         -19    13994982
         -20         -19    13994983
         -20         -20    13991233
         -20         -21    13987483
         -21         -21    13987482
         -21         -22    13983732
         -21         -23    13979982
         -22         -23    13979981
         -22         -22    13983731
         -23         -22    13983730
         -23         -21    13987480
         -23         -20    13991230
         -24         -20    13991229
         -24         -21    13987479
         -24         -22    13983729
         -24         -23    13979979
         -23         -23    13979980
         -23         -24    13976230
         -22         -24    13976231
         -21         -24    13976232
         -20         -24    13976233
         -19         -24    13976234
         -19         -23    13979984
         -20         -23    13979983
         -20         -22    13983733
         -19         -22    13983734
         -19         -21    13987484
         -18         -21    13987485
         -18         -22    13983735
         -17         -22    13983736
         -16         -22    13983737
         -15         -22    13983738
         -15         -23    13979988
         -16         -23    13979987
         -16         -24    13976237
         -16         -25    13972487
         -17         -25    13972486
         -17         -24    13976236
         -17         -23    13979986
         -18         -23    13979985
         -18         -24    13976235
         -18         -25    13972485
         -18         -26    13968735
         -19         -26    13968734
         -19         -25    13972484
         -20         -25    13972483
         -21         -25    13972482
         -22         -25    13972481
         -23         -25    13972480
         -24         -25    13972479
         -24         -24    13976229
         -25         -24    13976228
         -25         -25    13972478
         -26         -25    13972477
         -26         -24    13976227
         -26         -23    13979977
         -26         -22    13983727
         -25         -22    13983728
         -25         -21    13987478
         -26         -21    13987477
         -26         -20    13991227
         -27         -20    13991226
         -28         -20    13991225
         -28         -21    13987475
         -29         -21    13987474
         -29         -20    13991224
         -29         -19    13994974
         -30         -19    13994973
         -30         -18    13998723
         -31         -18    13998722
         -32         -18    13998721
         -32         -19    13994971
         -32         -20    13991221
         -31         -20    13991222
         -30         -20    13991223
         -30         -21    13987473
         -31         -21    13987472
         -32         -21    13987471
         -32         -22    13983721
         -32         -23    13979971
         -31         -23    13979972
         -31         -22    13983722
         -30         -22    13983723
         -30         -23    13979973
         -30         -24    13976223
         -31         -24    13976222
         -31         -25    13972472
         -30         -25    13972473
         -29         -25    13972474
         -29         -26    13968724
         -28         -26    13968725
         -28         -25    13972475
         -28         -24    13976225
         -28         -23    13979975
         -29         -23    13979974
         -29         -22    13983724
         -28         -22    13983725
         -27         -22    13983726
         -27         -23    13979976
         -27         -24    13976226
         -27         -25    13972476
         -27         -26    13968726
         -27         -27    13964976
         -28         -27    13964975
         -29         -27    13964974
         -30         -27    13964973
         -30         -28    13961223
         -29         -28    13961224
         -28         -28    13961225
         -28         -29    13957475
         -28         -30    13953725
         -28         -31    13949975
         -28         -32    13946225
         -27         -32    13946226
         -27         -31    13949976
         -26         -31    13949977
         -25         -31    13949978
         -24         -31    13949979
         -24         -30    13953729
         -24         -29    13957479
         -24         -28    13961229
         -23         -28    13961230
         -23         -27    13964980
         -24         -27    13964979
         -25         -27    13964978
         -25         -28    13961228
         -25         -29    13957478
         -26         -29    13957477
         -27         -29    13957476
         -27         -28    13961226
         -26         -28    13961227
         -26         -27    13964977
         -26         -26    13968727
         -25         -26    13968728
         -24         -26    13968729
         -23         -26    13968730
         -22         -26    13968731
         -22         -27    13964981
         -22         -28    13961231
         -21         -28    13961232
         -21         -27    13964982
         -21         -26    13968732
         -20         -26    13968733
         -20         -27    13964983
         -20         -28    13961233
         -20         -29    13957483
         -21         -29    13957482
         -22         -29    13957481
         -23         -29    13957480
         -23         -30    13953730
         -22         -30    13953731
         -22         -31    13949981
         -21         -31    13949982
         -21         -30    13953732
         -20         -30    13953733
         -19         -30    13953734
         -19         -29    13957484
         -19         -28    13961234
         -19         -27    13964984
         -18         -27    13964985
         -18         -28    13961235
         -18         -29    13957485
         -18         -30    13953735
         -18         -31    13949985
         -19         -31    13949984
         -20         -31    13949983
         -20         -32    13946233
         -19         -32    13946234
         -19         -33    13942484
         -19         -34    13938734
         -18         -34    13938735
         -18         -35    13934985
         -17         -35    13934986
         -17         -34    13938736
         -17         -33    13942486
         -18         -33    13942485
         -18         -32    13946235
         -17         -32    13946236
         -17         -31    13949986
         -17         -30    13953736
         -17         -29    13957486
         -17         -28    13961236
         -17         -27    13964986
         -17         -26    13968736
         -16         -26    13968737
         -15         -26    13968738
         -14         -26    13968739
         -14         -25    13972489
         -15         -25    13972488
         -15         -24    13976238
         -14         -24    13976239
         -14         -23    13979989
         -13         -23    13979990
         -13         -24    13976240
         -12         -24    13976241
         -11         -24    13976242
         -10         -24    13976243
         -10         -23    13979993
          -9         -23    13979994
          -9         -24    13976244
          -8         -24    13976245
          -7         -24    13976246
          -6         -24    13976247
          -6         -23    13979997
          -5         -23    13979998
          -5         -22    13983748
          -6         -22    13983747
          -7         -22    13983746
          -7         -23    13979996
          -8         -23    13979995
          -8         -22    13983745
          -9         -22    13983744
         -10         -22    13983743
         -11         -22    13983742
         -12         -22    13983741
         -12         -21    13987491
         -13         -21    13987490
         -13         -20    13991240
         -12         -20    13991241
         -12         -19    13994991
         -13         -19    13994990
         -13         -18    13998740
         -12         -18    13998741
         -11         -18    13998742
         -11         -19    13994992
         -10         -19    13994993
          -9         -19    13994994
          -8         -19    13994995
          -8         -20    13991245
          -7         -20    13991246
          -7         -21    13987496
          -6         -21    13987497
          -6         -20    13991247
          -5         -20    13991248
          -5         -21    13987498
          -4         -21    13987499
          -3         -21    13987500
          -3         -22    13983750
          -4         -22    13983749
          -4         -23    13979999
          -3         -23    13980000
          -2         -23    13976251
          -2         -22    13980001
          -1         -22    13980002
          -1         -23    13976252
           0         -23    13976253
           0         -22    13980003
           0         -21    13983753
          -1         -21    13983752
          -2         -21    13983751
          -2         -20    13987501
          -1         -20    13987502
           0         -20    13987503
           0         -19    13991253
           1         -19    13991254
           1         -18    13995004
           0         -18    13995003
           0         -17    13998753
           0         -16    14002503
          -1         -16    14002502
          -1         -17    13998752
          -2         -17    13998751
          -3         -17    14002500
          -3         -18    13998750
          -2         -18    13995001
          -1         -18    13995002
          -1         -19    13991252
          -2         -19    13991251
          -3         -19    13995000
          -3         -20    13991250
          -4         -20    13991249
          -4         -19    13994999
          -5         -19    13994998
          -6         -19    13994997
          -7         -19    13994996
          -7         -18    13998746
          -6         -18    13998747
          -5         -18    13998748
          -5         -17    14002498
          -6         -17    14002497
          -6         -16    14006247
          -6         -15    14009997
          -7         -15    14009996
          -8         -15    14009995
          -8         -14    14013745
          -9         -14    14013744
          -9         -13    14017494
         -10         -13    14017493
         -10         -12    14021243
          -9         -12    14021244
          -9         -11    14024994
          -8         -11    14024995
          -8         -10    14028745
          -7         -10    14028746
          -7         -11    14024996
          -6         -11    14024997
          -5         -11    14024998
          -5         -12    14021248
          -6         -12    14021247
          -6         -13    14017497
          -5         -13    14017498
          -4         -13    14017499
          -4         -14    14013749
          -3         -14    14013750
          -2         -14    14010001
          -2         -15    14006251
          -1         -15    14006252
          -1         -14    14010002
           0         -14    14010003
           0         -13    14013753
          -1         -13    14013752
          -2         -13    14013751
          -2         -12    14017501
          -1         -12    14017502
          -1         -11    14021252
          -2         -11    14021251
          -2         -10    14025001
          -3         -10    14028750
          -4         -10    14028749
          -5         -10    14028748
          -5          -9    14032498
          -5          -8    14036248
          -4          -8    14036249
          -4          -7    14039999
          -5          -7    14039998
          -5          -6    14043748
          -4          -6    14043749
          -4          -5    14047499
          -5          -5    14047498
          -5          -4    14051248
          -4          -4    14051249
          -3          -4    14051250
          -3          -5    14047500
          -2          -5    14043751
          -2          -4    14047501
          -1          -4    14047502
           0          -4    14047503
           0          -5    14043753
          -1          -5    14043752
          -1          -6    14040002
          -1          -7    14036252
           0          -7    14036253
           0          -8    14032503
          -1          -8    14032502
          -2          -8    14032501
          -2          -9    14028751
          -1          -9    14028752
           0          -9    14028753
           1          -9    14028754
           1          -8    14032504
           2          -8    14032505
           2          -9    14028755
           3          -9    14028756
           3          -8    14032506
           4          -8    14032507
           4          -9    14028757
           5          -9    14028758
           5          -8    14032508
           6          -8    14032509
           6          -9    14028759
           6         -10    14025009
           7         -10    14025010
           7         -11    14021260
           8         -11    14021261
           8         -12    14017511
           7         -12    14017510
           7         -13    14013760
           6         -13    14013759
           6         -14    14010009
           7         -14    14010010
           8         -14    14010011
           9         -14    14010012
           9         -15    14006262
           8         -15    14006261
           7         -15    14006260
           7         -16    14002510
           6         -16    14002509
           6         -15    14006259
           5         -15    14006258
           5         -14    14010008
           5         -13    14013758
           5         -12    14017508
           6         -12    14017509
           6         -11    14021259
           5         -11    14021258
           5         -10    14025008
           4         -10    14025007
           4         -11    14021257
           3         -11    14021256
           3         -10    14025006
           2         -10    14025005
           2         -11    14021255
           1         -11    14021254
           0         -11    14021253
           0         -12    14017503
           1         -12    14017504
           2         -12    14017505
           2         -13    14013755
           1         -13    14013754
           1         -14    14010004
           1         -15    14006254
           2         -15    14006255
           2         -14    14010005
           3         -14    14010006
           4         -14    14010007
           4         -15    14006257
           3         -15    14006256
           3         -16    14002506
           4         -16    14002507
           5         -16    14002508
           5         -17    13998758
           6         -17    13998759
           6         -18    13995009
           6         -19    13991259
           6         -20    13987509
           6         -21    13983759
           7         -21    13983760
           7         -20    13987510
           8         -20    13987511
           8         -21    13983761
           8         -22    13980011
           7         -22    13980010
           6         -22    13980009
           5         -22    13980008
           5         -23    13976258
           6         -23    13976259
           7         -23    13976260
           8         -23    13976261
           8         -24    13972511
           7         -24    13972510
           6         -24    13972509
           5         -24    13972508
           5         -25    13968758
           6         -25    13968759
           6         -26    13965009
           7         -26    13965010
           7         -25    13968760
           8         -25    13968761
           9         -25    13968762
          10         -25    13968763
          11         -25    13968764
          11         -26    13965014
          11         -27    13961264
          10         -27    13961263
          10         -26    13965013
           9         -26    13965012
           9         -27    13961262
           9         -28    13957512
           9         -29    13953762
           9         -30    13950012
           9         -31    13946262
           9         -32    13942512
           9         -33    13938762
           8         -33    13938761
           8         -32    13942511
           7         -32    13942510
           6         -32    13942509
           6         -33    13938759
           7         -33    13938760
