 ira =       289988   masha =       194981
           0           0      289988
           0           1      294988
           1           1      294989
           2           1      294990
           3           1      294991
           3           2      299991
           3           3      304991
           4           3      304992
           5           3      304993
           5           2      299993
           4           2      299992
           4           1      294992
           4           0      289992
           3           0      289991
           3          -1      284991
           4          -1      284992
           4          -2      279992
           4          -3      274992
           5          -3      274993
           5          -4      269993
           4          -4      269992
           3          -4      269991
           3          -5      264991
           2          -5      264990
           2          -6      259990
           3          -6      259991
           3          -7      254991
           4          -7      254992
           4          -6      259992
           4          -5      264992
           5          -5      264993
           6          -5      264994
           6          -6      259994
           5          -6      259993
           5          -7      254993
           5          -8      249993
           4          -8      249992
           4          -9      244992
           5          -9      244993
           5         -10      239993
           4         -10      239992
           4         -11      234992
           3         -11      234991
           3         -12      229991
           4         -12      229992
           4         -13      224992
           5         -13      224993
           6         -13      224994
           6         -12      229994
           5         -12      229993
           5         -11      234993
           6         -11      234994
           6         -10      239994
           7         -10      239995
           7          -9      244995
           8          -9      244996
           8         -10      239996
           8         -11      234996
           7         -11      234995
           7         -12      229995
           7         -13      224995
           8         -13      224996
           9         -13      224997
           9         -12      229997
          10         -12      229998
          10         -11      234998
          11         -11      234999
          12         -11      235000
          13         -11      230001
          13         -12      225001
          14         -12      225002
          14         -11      230002
          14         -10      235002
          15         -10      235003
          15         -11      230003
          16         -11      230004
          16         -10      235004
          17         -10      235005
          17         -11      230005
          18         -11      230006
          18         -12      225006
          17         -12      225005
          16         -12      225004
          15         -12      225003
          15         -13      220003
          14         -13      220002
          14         -14      215002
          14         -15      210002
          14         -16      205002
          14         -17      200002
          13         -17      200001
          12         -17      205000
          12         -16      210000
          13         -16      205001
          13         -15      210001
          12         -15      215000
          12         -14      220000
          11         -14      219999
          10         -14      219998
          10         -15      214998
          11         -15      214999
          11         -16      209999
          11         -17      204999
          10         -17      204998
          10         -16      209998
           9         -16      209997
           9         -15      214997
           9         -14      219997
           8         -14      219996
           8         -15      214996
           8         -16      209996
           7         -16      209995
           7         -17      204995
           7         -18      199995
           7         -19      194995
           8         -19      194996
           9         -19      194997
           9         -18      199997
          10         -18      199998
          11         -18      199999
          11         -19      194999
          10         -19      194998
          10         -20      189998
          10         -21      184998
           9         -21      184997
           9         -20      189997
           8         -20      189996
           8         -21      184996
           8         -22      179996
           8         -23      174996
           7         -23      174995
           6         -23      174994
           5         -23      174993
           4         -23      174992
           4         -24      169992
           5         -24      169993
           5         -25      164993
           4         -25      164992
           3         -25      164991
           3         -26      159991
           2         -26      159990
           2         -25      164990
           1         -25      164989
           0         -25      164988
           0         -24      169988
           0         -23      174988
           1         -23      174989
           1         -24      169989
           2         -24      169990
           3         -24      169991
           3         -23      174991
           2         -23      174990
           2         -22      179990
           2         -21      184990
           2         -20      189990
           3         -20      189991
           3         -21      184991
           3         -22      179991
           4         -22      179992
           4         -21      184992
           4         -20      189992
           5         -20      189993
           5         -21      184993
           6         -21      184994
           6         -22      179994
           7         -22      179995
           7         -21      184995
           7         -20      189995
           6         -20      189994
           6         -19      194994
           5         -19      194993
           4         -19      194992
           3         -19      194991
           2         -19      194990
           1         -19      194989
           1         -20      189989
           1         -21      184989
           1         -22      179989
           0         -22      179988
          -1         -22      179987
          -1         -21      184987
          -2         -21      184986
          -3         -21      184985
          -4         -21      184984
          -4         -22      179984
          -4         -23      174984
          -3         -23      174985
          -3         -22      179985
          -2         -22      179986
          -2         -23      174986
          -1         -23      174987
          -1         -24      169987
          -1         -25      164987
          -2         -25      164986
          -2         -24      169986
          -3         -24      169985
          -3         -25      164985
          -4         -25      164984
          -4         -24      169984
          -5         -24      169983
          -6         -24      169982
          -6         -25      164982
          -7         -25      164981
          -7         -24      169981
          -7         -23      174981
          -6         -23      174982
          -5         -23      174983
          -5         -22      179983
          -6         -22      179982
          -6         -21      184982
          -5         -21      184983
          -5         -20      189983
          -6         -20      189982
          -7         -20      189981
          -7         -21      184981
          -7         -22      179981
          -8         -22      179980
          -8         -21      184980
          -8         -20      189980
          -8         -19      194980
          -9         -19      194979
          -9         -20      189979
          -9         -21      184979
          -9         -22      179979
         -10         -22      179978
         -10         -23      174978
          -9         -23      174979
          -8         -23      174980
          -8         -24      169980
          -8         -25      164980
          -9         -25      164979
          -9         -24      169979
         -10         -24      169978
         -11         -24      169977
         -11         -23      174977
         -11         -22      179977
         -12         -22      179976
         -12         -23      174976
         -13         -23      174975
         -13         -22      179975
         -14         -22      179974
         -15         -22      179973
         -15         -21      184973
         -14         -21      184974
         -13         -21      184975
         -12         -21      184976
         -11         -21      184977
         -10         -21      184978
         -10         -20      189978
         -10         -19      194978
         -10         -18      199978
         -11         -18      199977
         -12         -18      199976
         -12         -19      194976
         -13         -19      194975
         -13         -18      199975
         -13         -17      204975
         -13         -16      209975
         -13         -15      214975
         -13         -14      219975
         -14         -14      219974
         -14         -15      214974
         -15         -15      214973
         -15         -14      219973
         -15         -13      224973
         -15         -12      229973
         -15         -11      234973
         -16         -11      234972
         -16         -12      229972
         -16         -13      224972
         -17         -13      224971
         -17         -12      229971
         -17         -11      234971
         -18         -11      234970
         -18         -12      229970
         -19         -12      229969
         -19         -11      234969
         -19         -10      239969
         -19          -9      244969
         -19          -8      249969
         -20          -8      249968
         -20          -9      244968
         -20         -10      239968
         -21         -10      239967
         -22         -10      239966
         -22         -11      234966
         -21         -11      234967
         -20         -11      234968
         -20         -12      229968
         -21         -12      229967
         -21         -13      224967
         -20         -13      224968
         -20         -14      219968
         -20         -15      214968
         -19         -15      214969
         -19         -14      219969
         -19         -13      224969
         -18         -13      224970
         -18         -14      219970
         -17         -14      219971
         -16         -14      219972
         -16         -15      214972
         -16         -16      209972
         -16         -17      204972
         -15         -17      204973
         -14         -17      204974
         -14         -18      199974
         -14         -19      194974
         -14         -20      189974
         -15         -20      189973
         -15         -19      194973
         -15         -18      199973
         -16         -18      199972
         -17         -18      199971
         -17         -17      204971
         -17         -16      209971
         -18         -16      209970
         -18         -17      204970
         -18         -18      199970
         -18         -19      194970
         -17         -19      194971
         -16         -19      194972
         -16         -20      189972
         -17         -20      189971
         -17         -21      184971
         -16         -21      184972
         -16         -22      179972
         -17         -22      179971
         -17         -23      174971
         -18         -23      174970
         -19         -23      174969
         -20         -23      174968
         -20         -24      169968
         -20         -25      164968
         -21         -25      164967
         -21         -24      169967
         -21         -23      174967
         -22         -23      174966
         -22         -22      179966
         -22         -21      184966
         -21         -21      184967
         -21         -22      179967
         -20         -22      179968
         -20         -21      184968
         -19         -21      184969
         -19         -22      179969
         -18         -22      179970
         -18         -21      184970
         -18         -20      189970
         -19         -20      189969
         -19         -19      194969
         -19         -18      199969
         -19         -17      204969
         -19         -16      209969
         -20         -16      209968
         -20         -17      204968
         -20         -18      199968
         -20         -19      194968
         -20         -20      189968
         -21         -20      189967
         -21         -19      194967
         -21         -18      199967
         -21         -17      204967
         -22         -17      204966
         -22         -18      199966
         -23         -18      199965
         -23         -19      194965
         -22         -19      194966
         -22         -20      189966
         -23         -20      189965
         -24         -20      189964
         -24         -19      194964
         -24         -18      199964
         -24         -17      204964
         -25         -17      204963
         -25         -18      199963
         -26         -18      199962
         -27         -18      199961
         -27         -19      194961
         -26         -19      194962
         -25         -19      194963
         -25         -20      189963
         -26         -20      189962
         -26         -21      184962
         -25         -21      184963
         -25         -22      179963
         -25         -23      174963
         -26         -23      174962
         -26         -22      179962
         -27         -22      179961
         -27         -21      184961
         -27         -20      189961
         -28         -20      189960
         -28         -19      194960
         -29         -19      194959
         -30         -19      194958
         -31         -19      194957
         -31         -18      199957
         -30         -18      199958
         -30         -17      204958
         -30         -16      209958
         -30         -15      214958
         -29         -15      214959
         -29         -14      219959
         -29         -13      224959
         -28         -13      224960
         -28         -12      229960
         -27         -12      229961
         -26         -12      229962
         -25         -12      229963
         -25         -13      224963
         -24         -13      224964
         -23         -13      224965
         -23         -14      219965
         -24         -14      219964
         -25         -14      219963
         -26         -14      219962
         -26         -13      224962
         -27         -13      224961
         -27         -14      219961
         -28         -14      219960
         -28         -15      214960
         -27         -15      214961
         -27         -16      209961
         -28         -16      209960
         -29         -16      209959
         -29         -17      204959
         -29         -18      199959
         -28         -18      199960
         -28         -17      204960
         -27         -17      204961
         -26         -17      204962
         -26         -16      209962
         -26         -15      214962
         -25         -15      214963
         -24         -15      214964
         -23         -15      214965
         -22         -15      214966
         -22         -16      209966
         -21         -16      209967
         -21         -15      214967
         -21         -14      219967
         -22         -14      219966
         -22         -13      224966
         -22         -12      229966
         -23         -12      229965
         -24         -12      229964
         -24         -11      234964
         -25         -11      234963
         -25         -10      239963
         -26         -10      239962
         -26         -11      234962
         -27         -11      234961
         -27         -10      239961
         -27          -9      244961
         -28          -9      244960
         -28          -8      249960
         -27          -8      249961
         -27          -7      254961
         -26          -7      254962
         -25          -7      254963
         -25          -8      249963
         -26          -8      249962
         -26          -9      244962
         -25          -9      244963
         -24          -9      244964
         -24          -8      249964
         -24          -7      254964
         -23          -7      254965
         -23          -6      259965
         -23          -5      264965
         -24          -5      264964
         -24          -6      259964
         -25          -6      259963
         -25          -5      264963
         -25          -4      269963
         -26          -4      269962
         -26          -5      264962
         -26          -6      259962
         -27          -6      259961
         -28          -6      259960
         -28          -7      254960
         -29          -7      254959
         -29          -8      249959
         -30          -8      249958
         -30          -7      254958
         -30          -6      259958
         -29          -6      259959
         -29          -5      264959
         -30          -5      264958
         -31          -5      264957
         -31          -6      259957
         -32          -6      259956
         -33          -6      259955
         -34          -6      259954
         -34          -7      254954
         -33          -7      254955
         -32          -7      254956
         -31          -7      254957
         -31          -8      249957
         -32          -8      249956
         -33          -8      249955
         -34          -8      249954
         -35          -8      249953
         -35          -7      254953
         -35          -6      259953
         -35          -5      264953
         -34          -5      264954
         -33          -5      264955
         -32          -5      264956
         -32          -4      269956
         -31          -4      269957
         -30          -4      269958
         -30          -3      274958
         -29          -3      274959
         -28          -3      274960
         -28          -4      269960
         -28          -5      264960
         -27          -5      264961
         -27          -4      269961
         -27          -3      274961
         -26          -3      274962
         -26          -2      279962
         -26          -1      284962
         -27          -1      284961
         -27          -2      279961
         -28          -2      279960
         -29          -2      279959
         -29          -1      284959
         -28          -1      284960
         -28           0      289960
         -27           0      289961
         -27           1      294961
         -28           1      294960
         -28           2      299960
         -28           3      304960
         -27           3      304961
         -27           2      299961
         -26           2      299962
         -26           1      294962
         -26           0      289962
         -25           0      289963
         -24           0      289964
         -23           0      289965
         -23          -1      284965
         -23          -2      279965
         -24          -2      279964
         -24          -1      284964
         -25          -1      284963
         -25          -2      279963
         -25          -3      274963
         -24          -3      274964
         -24          -4      269964
         -23          -4      269965
         -23          -3      274965
         -22          -3      274966
         -22          -4      269966
         -22          -5      264966
         -21          -5      264967
         -21          -4      269967
         -21          -3      274967
         -20          -3      274968
         -19          -3      274969
         -19          -4      269969
         -20          -4      269968
         -20          -5      264968
         -20          -6      259968
         -21          -6      259967
         -22          -6      259966
         -22          -7      254966
         -22          -8      249966
         -23          -8      249965
         -23          -9      244965
         -22          -9      244966
         -21          -9      244967
         -21          -8      249967
         -21          -7      254967
         -20          -7      254968
         -19          -7      254969
         -19          -6      259969
         -19          -5      264969
         -18          -5      264970
         -18          -6      259970
         -18          -7      254970
         -17          -7      254971
         -17          -8      249971
         -16          -8      249972
         -16          -9      244972
         -17          -9      244971
         -18          -9      244970
         -18         -10      239970
         -17         -10      239971
         -16         -10      239972
         -15         -10      239973
         -15          -9      244973
         -14          -9      244974
         -14          -8      249974
         -15          -8      249973
         -15          -7      254973
         -16          -7      254972
         -16          -6      259972
         -17          -6      259971
         -17          -5      264971
         -16          -5      264972
         -16          -4      269972
         -16          -3      274972
         -15          -3      274973
         -14          -3      274974
         -14          -2      279974
         -15          -2      279973
         -16          -2      279972
         -17          -2      279971
         -17          -3      274971
         -17          -4      269971
         -18          -4      269970
         -18          -3      274970
         -18          -2      279970
         -19          -2      279969
         -20          -2      279968
         -21          -2      279967
         -22          -2      279966
         -22          -1      284966
         -21          -1      284967
         -21           0      289967
         -20           0      289968
         -20          -1      284968
         -19          -1      284969
         -18          -1      284970
         -17          -1      284971
         -16          -1      284972
         -15          -1      284973
         -14          -1      284974
         -14           0      289974
         -14           1      294974
         -13           1      294975
         -12           1      294976
         -12           0      289976
         -13           0      289975
         -13          -1      284975
         -13          -2      279975
         -12          -2      279976
         -11          -2      279977
         -11          -1      284977
         -11           0      289977
         -11           1      294977
         -10           1      294978
          -9           1      294979
          -8           1      294980
          -8           0      289980
          -8          -1      284980
          -7          -1      284981
          -6          -1      284982
          -6           0      289982
          -5           0      289983
          -5          -1      284983
          -5          -2      279983
          -6          -2      279982
          -6          -3      274982
          -6          -4      269982
          -7          -4      269981
          -7          -5      264981
          -6          -5      264982
          -6          -6      259982
          -7          -6      259981
          -8          -6      259980
          -8          -5      264980
          -8          -4      269980
          -8          -3      274980
          -8          -2      279980
          -9          -2      279979
          -9          -1      284979
         -10          -1      284978
         -10          -2      279978
         -10          -3      274978
          -9          -3      274979
          -9          -4      269979
          -9          -5      264979
          -9          -6      259979
         -10          -6      259978
         -10          -5      264978
         -10          -4      269978
         -11          -4      269977
         -11          -3      274977
         -12          -3      274976
         -13          -3      274975
         -13          -4      269975
         -12          -4      269976
         -12          -5      264976
         -11          -5      264977
         -11          -6      259977
         -11          -7      254977
         -12          -7      254976
         -12          -6      259976
         -13          -6      259975
         -13          -5      264975
         -14          -5      264974
         -14          -4      269974
         -15          -4      269973
         -15          -5      264973
         -15          -6      259973
         -14          -6      259974
         -14          -7      254974
         -13          -7      254975
         -13          -8      249975
         -12          -8      249976
         -11          -8      249977
         -10          -8      249978
         -10          -7      254978
          -9          -7      254979
          -8          -7      254980
          -7          -7      254981
          -7          -8      249981
          -8          -8      249980
          -9          -8      249979
          -9          -9      244979
         -10          -9      244978
         -11          -9      244977
         -12          -9      244976
         -13          -9      244975
         -13         -10      239975
         -14         -10      239974
         -14         -11      234974
         -14         -12      229974
         -14         -13      224974
         -13         -13      224975
         -12         -13      224976
         -12         -14      219976
         -12         -15      214976
         -12         -16      209976
         -12         -17      204976
         -11         -17      204977
         -11         -16      209977
         -10         -16      209978
         -10         -17      204978
          -9         -17      204979
          -9         -18      199979
          -8         -18      199980
          -8         -17      204980
          -7         -17      204981
          -6         -17      204982
          -6         -16      209982
          -5         -16      209983
          -4         -16      209984
          -4         -15      214984
          -4         -14      219984
          -3         -14      219985
          -2         -14      219986
          -1         -14      219987
          -1         -13      224987
          -1         -12      229987
           0         -12      229988
           0         -11      234988
          -1         -11      234987
          -1         -10      239987
          -2         -10      239986
          -2         -11      234986
          -2         -12      229986
          -2         -13      224986
          -3         -13      224985
          -3         -12      229985
          -4         -12      229984
          -4         -13      224984
          -5         -13      224983
          -5         -14      219983
          -5         -15      214983
          -6         -15      214982
          -6         -14      219982
          -7         -14      219981
          -7         -15      214981
          -7         -16      209981
          -8         -16      209980
          -9         -16      209979
          -9         -15      214979
          -9         -14      219979
          -9         -13      224979
         -10         -13      224978
         -10         -14      219978
         -10         -15      214978
         -11         -15      214977
         -11         -14      219977
         -11         -13      224977
         -11         -12      229977
         -10         -12      229978
          -9         -12      229979
          -9         -11      234979
          -9         -10      239979
          -8         -10      239980
          -8         -11      234980
          -8         -12      229980
          -8         -13      224980
          -7         -13      224981
          -6         -13      224982
          -6         -12      229982
          -5         -12      229983
          -5         -11      234983
          -4         -11      234984
          -3         -11      234985
          -3         -10      239985
          -4         -10      239984
          -4          -9      244984
          -4          -8      249984
          -5          -8      249983
          -5          -7      254983
          -5          -6      259983
          -5          -5      264983
          -5          -4      269983
          -5          -3      274983
          -4          -3      274984
          -4          -2      279984
          -4          -1      284984
          -4           0      289984
          -4           1      294984
          -5           1      294983
          -5           2      299983
          -6           2      299982
          -6           1      294982
          -7           1      294981
          -7           2      299981
          -8           2      299980
          -8           3      304980
          -7           3      304981
          -7           4      309981
          -7           5      314981
          -7           6      319981
          -6           6      319982
          -5           6      319983
          -5           5      314983
          -6           5      314982
          -6           4      309982
          -6           3      304982
          -5           3      304983
          -5           4      309983
          -4           4      309984
          -4           5      314984
          -4           6      319984
          -4           7      324984
          -3           7      324985
          -3           6      319985
          -2           6      319986
          -2           5      314986
          -3           5      314985
          -3           4      309985
          -2           4      309986
          -1           4      309987
          -1           3      304987
           0           3      304988
           0           4      309988
           1           4      309989
           1           3      304989
           1           2      299989
           0           2      299988
          -1           2      299987
          -1           1      294987
          -1           0      289987
          -2           0      289986
          -2           1      294986
          -2           2      299986
          -2           3      304986
          -3           3      304985
          -3           2      299985
          -3           1      294985
          -3           0      289985
          -3          -1      284985
          -3          -2      279985
          -3          -3      274985
          -3          -4      269985
          -4          -4      269984
          -4          -5      264984
          -3          -5      264985
          -2          -5      264986
          -2          -6      259986
          -3          -6      259985
          -4          -6      259984
          -4          -7      254984
          -3          -7      254985
          -3          -8      249985
          -3          -9      244985
          -2          -9      244986
          -2          -8      249986
          -2          -7      254986
          -1          -7      254987
          -1          -6      259987
          -1          -5      264987
          -1          -4      269987
          -2          -4      269986
          -2          -3      274986
          -2          -2      279986
          -2          -1      284986
          -1          -1      284987
           0          -1      284988
           0          -2      279988
          -1          -2      279987
          -1          -3      274987
           0          -3      274988
           1          -3      274989
           1          -2      279989
           1          -1      284989
           1           0      289989
           2           0      289990
           2          -1      284990
           2          -2      279990
           3          -2      279991
           3          -3      274991
           2          -3      274990
           2          -4      269990
           1          -4      269989
           0          -4      269988
           0          -5      264988
           1          -5      264989
           1          -6      259989
           1          -7      254989
           2          -7      254990
           2          -8      249990
           3          -8      249991
           3          -9      244991
           3         -10      239991
           2         -10      239990
           2          -9      244990
           1          -9      244989
           1          -8      249989
           0          -8      249988
          -1          -8      249987
          -1          -9      244987
           0          -9      244988
           0         -10      239988
           1         -10      239989
           1         -11      234989
           2         -11      234990
           2         -12      229990
           1         -12      229989
           1         -13      224989
           0         -13      224988
           0         -14      219988
           1         -14      219989
           2         -14      219990
           2         -13      224990
           3         -13      224991
           3         -14      219991
           4         -14      219992
           5         -14      219993
           6         -14      219994
           7         -14      219995
           7         -15      214995
           6         -15      214994
           6         -16      209994
           6         -17      204994
           6         -18      199994
           5         -18      199993
           4         -18      199992
           3         -18      199991
           3         -17      204991
           3         -16      209991
           4         -16      209992
           4         -17      204992
           5         -17      204993
           5         -16      209993
           5         -15      214993
           4         -15      214992
           3         -15      214991
           2         -15      214990
           2         -16      209990
           1         -16      209989
           1         -15      214989
           0         -15      214988
           0         -16      209988
          -1         -16      209987
          -1         -15      214987
          -2         -15      214986
          -3         -15      214985
          -3         -16      209985
          -2         -16      209986
          -2         -17      204986
          -3         -17      204985
          -4         -17      204984
          -5         -17      204983
          -5         -18      199983
          -4         -18      199984
          -3         -18      199985
          -2         -18      199986
          -1         -18      199987
          -1         -17      204987
           0         -17      204988
           1         -17      204989
           2         -17      204990
           2         -18      199990
           1         -18      199989
           0         -18      199988
           0         -19      194988
          -1         -19      194987
          -1         -20      189987
          -2         -20      189986
          -2         -19      194986
          -3         -19      194985
          -3         -20      189985
          -4         -20      189984
          -4         -19      194984
          -5         -19      194983
          -6         -19      194982
          -6         -18      199982
          -7         -18      199981
          -7         -19      194981
