 ira =            3   masha =     13976247
           0           0           3
           0           1        3753
           0           2        7503
           1           2        7504
           2           2        7505
           2           1        3755
           1           1        3754
           1           0           4
           1          -1    14058754
           1          -2    14055004
           0          -2    14055003
          -1          -2    14055002
          -1          -1    14058752
          -1           0           2
          -2           0           1
          -3           0        3750
          -3           1        7500
          -4           1        7499
          -5           1        7498
          -5           2       11248
          -5           3       14998
          -6           3       14997
          -6           4       18747
          -6           5       22497
          -7           5       22496
          -8           5       22495
          -9           5       22494
          -9           6       26244
          -8           6       26245
          -7           6       26246
          -7           7       29996
          -7           8       33746
          -8           8       33745
          -8           9       37495
          -7           9       37496
          -6           9       37497
          -5           9       37498
          -5           8       33748
          -6           8       33747
          -6           7       29997
          -5           7       29998
          -4           7       29999
          -4           6       26249
          -3           6       26250
          -3           5       22500
          -2           5       18751
          -1           5       18752
          -1           4       15002
           0           4       15003
           0           5       18753
           1           5       18754
           2           5       18755
           2           4       15005
           1           4       15004
           1           3       11254
           2           3       11255
           3           3       11256
           3           4       15006
           4           4       15007
           4           3       11257
           4           2        7507
           4           1        3757
           4           0           7
           3           0           6
           2           0           5
           2          -1    14058755
           3          -1    14058756
           3          -2    14055006
           4          -2    14055007
           4          -3    14051257
           5          -3    14051258
           6          -3    14051259
           7          -3    14051260
           7          -4    14047510
           8          -4    14047511
           8          -3    14051261
           9          -3    14051262
          10          -3    14051263
          10          -4    14047513
          10          -5    14043763
          11          -5    14043764
          12          -5    14043765
          12          -6    14040015
          11          -6    14040014
          10          -6    14040013
          10          -7    14036263
          11          -7    14036264
          11          -8    14032514
          11          -9    14028764
          12          -9    14028765
          12         -10    14025015
          13         -10    14025016
          14         -10    14025017
          14         -11    14021267
          15         -11    14021268
          15         -10    14025018
          15          -9    14028768
          15          -8    14032518
          15          -7    14036268
          14          -7    14036267
          14          -8    14032517
          14          -9    14028767
          13          -9    14028766
          13          -8    14032516
          12          -8    14032515
          12          -7    14036265
          13          -7    14036266
          13          -6    14040016
          14          -6    14040017
          14          -5    14043767
          13          -5    14043766
          13          -4    14047516
          13          -3    14051266
          14          -3    14051267
          14          -4    14047517
          15          -4    14047518
          15          -5    14043768
          16          -5    14043769
          17          -5    14043770
          18          -5    14043771
          18          -6    14040021
          19          -6    14040022
          19          -7    14036272
          19          -8    14032522
          19          -9    14028772
          19         -10    14025022
          19         -11    14021272
          18         -11    14021271
          18         -12    14017521
          19         -12    14017522
          20         -12    14017523
          20         -11    14021273
          20         -10    14025023
          20          -9    14028773
          20          -8    14032523
          20          -7    14036273
          20          -6    14040023
          20          -5    14043773
          19          -5    14043772
          19          -4    14047522
          19          -3    14051272
          19          -2    14055022
          18          -2    14055021
          18          -1    14058771
          17          -1    14058770
          17          -2    14055020
          17          -3    14051270
          16          -3    14051269
          15          -3    14051268
          15          -2    14055018
          15          -1    14058768
          14          -1    14058767
          14           0          17
          14           1        3767
          14           2        7517
          14           3       11267
          13           3       11266
          12           3       11265
          12           4       15015
          12           5       18765
          11           5       18764
          11           6       22514
          12           6       22515
          12           7       26265
          12           8       30015
          13           8       30016
          13           9       33766
          13          10       37516
          14          10       37517
          14           9       33767
          15           9       33768
          15          10       37518
          16          10       37519
          17          10       37520
          17          11       41270
          18          11       41271
          18          10       37521
          19          10       37522
          19           9       33772
          18           9       33771
          17           9       33770
          17           8       30020
          18           8       30021
          18           7       26271
          17           7       26270
          16           7       26269
          16           6       22519
          15           6       22518
          15           7       26268
          14           7       26267
          14           6       22517
          14           5       18767
          14           4       15017
          15           4       15018
          15           5       18768
          16           5       18769
          17           5       18770
          17           4       15020
          16           4       15019
          16           3       11269
          17           3       11270
          18           3       11271
          18           4       15021
          19           4       15022
          19           3       11272
          20           3       11273
          20           4       15023
          21           4       15024
          22           4       15025
          22           3       11275
          21           3       11274
          21           2        7524
          21           1        3774
          21           0          24
          22           0          25
          23           0          26
          23           1        3776
          22           1        3775
          22           2        7525
          23           2        7526
          23           3       11276
          24           3       11277
          24           2        7527
          25           2        7528
          25           1        3778
          24           1        3777
          24           0          27
          24          -1    14058777
          23          -1    14058776
          22          -1    14058775
          21          -1    14058774
          20          -1    14058773
          20          -2    14055023
          20          -3    14051273
          21          -3    14051274
          21          -4    14047524
          21          -5    14043774
          21          -6    14040024
          21          -7    14036274
          21          -8    14032524
          21          -9    14028774
          22          -9    14028775
          22          -8    14032525
          22          -7    14036275
          22          -6    14040025
          22          -5    14043775
          23          -5    14043776
          23          -6    14040026
          23          -7    14036276
          23          -8    14032526
          24          -8    14032527
          24          -7    14036277
          25          -7    14036278
          25          -8    14032528
          25          -9    14028778
          24          -9    14028777
          23          -9    14028776
          23         -10    14025026
          23         -11    14021276
          23         -12    14017526
          22         -12    14017525
          22         -11    14021275
          22         -10    14025025
          21         -10    14025024
          21         -11    14021274
          21         -12    14017524
          21         -13    14013774
          22         -13    14013775
          23         -13    14013776
          24         -13    14013777
          24         -12    14017527
          24         -11    14021277
          24         -10    14025027
          25         -10    14025028
          25         -11    14021278
          25         -12    14017528
          25         -13    14013778
          26         -13    14013779
          26         -14    14010029
          26         -15    14006279
          27         -15    14006280
          28         -15    14006281
          29         -15    14006282
          30         -15    14006283
          30         -14    14010033
          30         -13    14013783
          31         -13    14013784
          32         -13    14013785
          33         -13    14013786
          33         -12    14017536
          32         -12    14017535
          31         -12    14017534
          31         -11    14021284
          32         -11    14021285
          33         -11    14021286
          33         -10    14025036
          32         -10    14025035
          31         -10    14025034
          31          -9    14028784
          32          -9    14028785
          33          -9    14028786
          34          -9    14028787
          34         -10    14025037
          35         -10    14025038
          35         -11    14021288
          34         -11    14021287
          34         -12    14017537
          35         -12    14017538
          35         -13    14013788
          35         -14    14010038
          35         -15    14006288
          35         -16    14002538
          36         -16    14002539
          36         -17    13998789
          36         -18    13995039
          35         -18    13995038
          34         -18    13995037
          33         -18    13995036
          33         -17    13998786
          33         -16    14002536
          34         -16    14002537
          34         -15    14006287
          33         -15    14006286
          32         -15    14006285
          32         -16    14002535
          32         -17    13998785
          32         -18    13995035
          31         -18    13995034
          31         -17    13998784
          30         -17    13998783
          29         -17    13998782
          29         -18    13995032
          29         -19    13991282
          29         -20    13987532
          29         -21    13983782
          28         -21    13983781
          27         -21    13983780
          26         -21    13983779
          26         -22    13980029
          26         -23    13976279
          26         -24    13972529
          26         -25    13968779
          27         -25    13968780
          27         -24    13972530
          27         -23    13976280
          28         -23    13976281
          29         -23    13976282
          29         -24    13972532
          28         -24    13972531
          28         -25    13968781
          29         -25    13968782
          30         -25    13968783
          30         -26    13965033
          29         -26    13965032
          29         -27    13961282
          28         -27    13961281
          27         -27    13961280
          27         -28    13957530
          27         -29    13953780
          26         -29    13953779
          26         -30    13950029
          26         -31    13946279
          25         -31    13946278
          24         -31    13946277
          24         -32    13942527
          23         -32    13942526
          22         -32    13942525
          21         -32    13942524
          20         -32    13942523
          20         -33    13938773
          20         -34    13935023
          19         -34    13935022
          19         -35    13931272
          20         -35    13931273
          21         -35    13931274
          21         -36    13927524
          22         -36    13927525
          22         -37    13923775
          21         -37    13923774
          21         -38    13920024
          20         -38    13920023
          19         -38    13920022
          19         -37    13923772
          18         -37    13923771
          17         -37    13923770
          17         -36    13927520
          16         -36    13927519
          16         -37    13923769
          16         -38    13920019
          15         -38    13920018
          15         -37    13923768
          14         -37    13923767
          14         -36    13927517
          13         -36    13927516
          12         -36    13927515
          12         -37    13923765
          11         -37    13923764
          11         -36    13927514
          11         -35    13931264
          11         -34    13935014
          11         -33    13938764
          11         -32    13942514
          10         -32    13942513
          10         -31    13946263
          10         -30    13950013
           9         -30    13950012
           9         -31    13946262
           8         -31    13946261
           7         -31    13946260
           7         -30    13950010
           8         -30    13950011
           8         -29    13953761
           8         -28    13957511
           8         -27    13961261
           8         -26    13965011
           8         -25    13968761
           7         -25    13968760
           7         -26    13965010
           6         -26    13965009
           6         -27    13961259
           5         -27    13961258
           5         -26    13965008
           4         -26    13965007
           4         -25    13968757
           3         -25    13968756
           3         -24    13972506
           2         -24    13972505
           2         -23    13976255
           3         -23    13976256
           3         -22    13980006
           2         -22    13980005
           1         -22    13980004
           1         -23    13976254
           0         -23    13976253
          -1         -23    13976252
          -1         -22    13980002
          -1         -21    13983752
          -1         -20    13987502
           0         -20    13987503
           0         -21    13983753
           1         -21    13983754
           1         -20    13987504
           1         -19    13991254
           0         -19    13991253
          -1         -19    13991252
          -2         -19    13991251
          -2         -18    13995001
          -2         -17    13998751
          -3         -17    14002500
          -3         -18    13998750
          -3         -19    13995000
          -4         -19    13994999
          -4         -20    13991249
          -5         -20    13991248
          -6         -20    13991247
          -6         -21    13987497
          -7         -21    13987496
          -7         -20    13991246
          -7         -19    13994996
          -6         -19    13994997
          -5         -19    13994998
          -5         -18    13998748
          -6         -18    13998747
          -7         -18    13998746
          -7         -17    14002496
          -8         -17    14002495
          -8         -16    14006245
          -8         -15    14009995
          -7         -15    14009996
          -7         -16    14006246
          -6         -16    14006247
          -5         -16    14006248
          -4         -16    14006249
          -3         -16    14006250
          -3         -15    14010000
          -4         -15    14009999
          -5         -15    14009998
          -6         -15    14009997
          -6         -14    14013747
          -5         -14    14013748
          -4         -14    14013749
          -4         -13    14017499
          -4         -12    14021249
          -5         -12    14021248
          -6         -12    14021247
          -6         -13    14017497
          -7         -13    14017496
          -7         -14    14013746
          -8         -14    14013745
          -8         -13    14017495
          -9         -13    14017494
          -9         -12    14021244
         -10         -12    14021243
         -10         -11    14024993
          -9         -11    14024994
          -8         -11    14024995
          -8         -12    14021245
          -7         -12    14021246
          -7         -11    14024996
          -7         -10    14028746
          -8         -10    14028745
          -9         -10    14028744
         -10         -10    14028743
         -11         -10    14028742
         -11          -9    14032492
         -10          -9    14032493
         -10          -8    14036243
         -10          -7    14039993
         -11          -7    14039992
         -11          -8    14036242
         -12          -8    14036241
         -12          -7    14039991
         -12          -6    14043741
         -13          -6    14043740
         -13          -7    14039990
         -13          -8    14036240
         -13          -9    14032490
         -12          -9    14032491
         -12         -10    14028741
         -13         -10    14028740
         -14         -10    14028739
         -14          -9    14032489
         -15          -9    14032488
         -16          -9    14032487
         -16          -8    14036237
         -15          -8    14036238
         -14          -8    14036239
         -14          -7    14039989
         -15          -7    14039988
         -15          -6    14043738
         -16          -6    14043737
         -17          -6    14043736
         -17          -5    14047486
         -16          -5    14047487
         -15          -5    14047488
         -15          -4    14051238
         -15          -3    14054988
         -16          -3    14054987
         -17          -3    14054986
         -18          -3    14054985
         -18          -4    14051235
         -19          -4    14051234
         -19          -3    14054984
         -20          -3    14054983
         -21          -3    14054982
         -22          -3    14054981
         -22          -4    14051231
         -21          -4    14051232
         -20          -4    14051233
         -20          -5    14047483
         -19          -5    14047484
         -19          -6    14043734
         -19          -7    14039984
         -20          -7    14039983
         -20          -8    14036233
         -19          -8    14036234
         -19          -9    14032484
         -20          -9    14032483
         -20         -10    14028733
         -21         -10    14028732
         -21          -9    14032482
         -21          -8    14036232
         -22          -8    14036231
         -23          -8    14036230
         -24          -8    14036229
         -24          -9    14032479
         -24         -10    14028729
         -23         -10    14028730
         -23         -11    14024980
         -24         -11    14024979
         -24         -12    14021229
         -23         -12    14021230
         -23         -13    14017480
         -22         -13    14017481
         -22         -12    14021231
         -21         -12    14021232
         -21         -11    14024982
         -20         -11    14024983
         -19         -11    14024984
         -18         -11    14024985
         -18         -12    14021235
         -19         -12    14021234
         -19         -13    14017484
         -18         -13    14017485
         -18         -14    14013735
         -18         -15    14009985
         -19         -15    14009984
         -19         -16    14006234
         -19         -17    14002484
         -19         -18    13998734
         -19         -19    13994984
         -18         -19    13994985
         -18         -18    13998735
         -18         -17    14002485
         -18         -16    14006235
         -17         -16    14006236
         -17         -17    14002486
         -17         -18    13998736
         -17         -19    13994986
         -16         -19    13994987
         -16         -18    13998737
         -16         -17    14002487
         -16         -16    14006237
         -15         -16    14006238
         -15         -17    14002488
         -15         -18    13998738
         -14         -18    13998739
         -14         -19    13994989
         -15         -19    13994988
         -15         -20    13991238
         -16         -20    13991237
         -16         -21    13987487
         -16         -22    13983737
         -15         -22    13983738
         -15         -21    13987488
         -14         -21    13987489
         -14         -20    13991239
         -13         -20    13991240
         -12         -20    13991241
         -11         -20    13991242
         -10         -20    13991243
         -10         -19    13994993
         -11         -19    13994992
         -12         -19    13994991
         -13         -19    13994990
         -13         -18    13998740
         -13         -17    14002490
         -14         -17    14002489
         -14         -16    14006239
         -14         -15    14009989
         -13         -15    14009990
         -13         -16    14006240
         -12         -16    14006241
         -12         -15    14009991
         -11         -15    14009992
         -11         -14    14013742
         -12         -14    14013741
         -13         -14    14013740
         -14         -14    14013739
         -14         -13    14017489
         -15         -13    14017488
         -15         -14    14013738
         -16         -14    14013737
         -16         -15    14009987
         -17         -15    14009986
         -17         -14    14013736
         -17         -13    14017486
         -17         -12    14021236
         -16         -12    14021237
         -16         -11    14024987
         -16         -10    14028737
         -15         -10    14028738
         -15         -11    14024988
         -15         -12    14021238
         -14         -12    14021239
         -14         -11    14024989
         -13         -11    14024990
         -13         -12    14021240
         -13         -13    14017490
         -12         -13    14017491
         -12         -12    14021241
         -12         -11    14024991
         -11         -11    14024992
         -11         -12    14021242
         -11         -13    14017492
         -10         -13    14017493
         -10         -14    14013743
          -9         -14    14013744
          -9         -15    14009994
         -10         -15    14009993
         -10         -16    14006243
         -11         -16    14006242
         -11         -17    14002492
         -12         -17    14002491
         -12         -18    13998741
         -11         -18    13998742
         -10         -18    13998743
         -10         -17    14002493
          -9         -17    14002494
          -9         -18    13998744
          -8         -18    13998745
          -8         -19    13994995
          -8         -20    13991245
          -9         -20    13991244
          -9         -21    13987494
          -8         -21    13987495
          -8         -22    13983745
          -9         -22    13983744
         -10         -22    13983743
         -11         -22    13983742
         -12         -22    13983741
         -12         -21    13987491
         -13         -21    13987490
         -13         -22    13983740
         -13         -23    13979990
         -12         -23    13979991
         -11         -23    13979992
         -10         -23    13979993
          -9         -23    13979994
          -9         -24    13976244
         -10         -24    13976243
         -11         -24    13976242
         -11         -25    13972492
         -11         -26    13968742
         -10         -26    13968743
         -10         -27    13964993
         -10         -28    13961243
          -9         -28    13961244
          -9         -29    13957494
          -9         -30    13953744
          -9         -31    13949994
          -9         -32    13946244
         -10         -32    13946243
         -10         -33    13942493
          -9         -33    13942494
          -8         -33    13942495
          -8         -34    13938745
          -7         -34    13938746
          -6         -34    13938747
          -6         -33    13942497
          -7         -33    13942496
          -7         -32    13946246
          -6         -32    13946247
          -6         -31    13949997
          -7         -31    13949996
          -7         -30    13953746
          -6         -30    13953747
          -6         -29    13957497
          -6         -28    13961247
          -5         -28    13961248
          -4         -28    13961249
          -4         -27    13964999
          -4         -26    13968749
          -5         -26    13968748
          -5         -27    13964998
          -6         -27    13964997
          -6         -26    13968747
          -7         -26    13968746
          -8         -26    13968745
          -9         -26    13968744
          -9         -25    13972494
          -8         -25    13972495
          -7         -25    13972496
          -7         -24    13976246
          -7         -23    13979996
          -7         -22    13983746
          -6         -22    13983747
          -5         -22    13983748
          -5         -23    13979998
          -6         -23    13979997
          -6         -24    13976247
