 ira =        12562   masha =        10037
           0           0       12562
          -1           0       12561
          -1           1       15061
          -2           1       15060
          -2           0       12560
          -2          -1       10060
          -3          -1       10059
          -4          -1       10058
          -5          -1       10057
          -5           0       12557
          -5           1       15057
          -5           2       17557
          -5           3       20057
          -4           3       20058
          -4           2       17558
          -3           2       17559
          -3           3       20059
          -3           4       22559
          -2           4       22560
          -2           3       20060
          -2           2       17560
          -1           2       17561
           0           2       17562
           0           1       15062
           1           1       15063
           1           0       12563
           1          -1       10063
           0          -1       10062
          -1          -1       10061
          -1          -2        7561
           0          -2        7562
           0          -3        5062
           0          -4        2562
          -1          -4        2561
          -1          -3        5061
          -2          -3        5060
          -2          -2        7560
          -3          -2        7559
          -3          -3        5059
          -3          -4        2559
          -2          -4        2560
          -2          -5          60
          -3          -5          59
          -3          -6     6247559
          -4          -6     6247558
          -4          -5          58
          -5          -5          57
          -5          -6     6247557
          -6          -6     6247556
          -6          -5          56
          -6          -4        2556
          -5          -4        2557
          -4          -4        2558
          -4          -3        5058
          -4          -2        7558
          -5          -2        7557
          -5          -3        5057
          -6          -3        5056
          -6          -2        7556
          -7          -2        7555
          -7          -1       10055
          -7           0       12555
          -6           0       12556
          -6           1       15056
          -7           1       15055
          -7           2       17555
          -6           2       17556
          -6           3       20056
          -6           4       22556
          -7           4       22555
          -8           4       22554
          -9           4       22553
          -9           3       20053
          -9           2       17553
          -9           1       15053
          -9           0       12553
          -8           0       12554
          -8          -1       10054
          -8          -2        7554
          -9          -2        7553
          -9          -1       10053
         -10          -1       10052
         -11          -1       10051
         -12          -1       10050
         -12           0       12550
         -13           0       12549
         -14           0       12548
         -14           1       15048
         -13           1       15049
         -12           1       15050
         -11           1       15051
         -11           0       12551
         -10           0       12552
         -10           1       15052
         -10           2       17552
         -11           2       17551
         -11           3       20051
         -10           3       20052
         -10           4       22552
         -10           5       25052
         -11           5       25051
         -11           4       22551
         -12           4       22550
         -12           5       25050
         -12           6       27550
         -13           6       27549
         -13           5       25049
         -14           5       25048
         -14           4       22548
         -13           4       22549
         -13           3       20049
         -12           3       20050
         -12           2       17550
         -13           2       17549
         -14           2       17548
         -14           3       20048
         -15           3       20047
         -15           2       17547
         -15           1       15047
         -16           1       15046
         -17           1       15045
         -18           1       15044
         -18           2       17544
         -17           2       17545
         -17           3       20045
         -18           3       20044
         -19           3       20043
         -20           3       20042
         -20           4       22542
         -19           4       22543
         -18           4       22544
         -17           4       22545
         -17           5       25045
         -16           5       25046
         -16           4       22546
         -15           4       22547
         -15           5       25047
         -15           6       27547
         -16           6       27546
         -17           6       27545
         -17           7       30045
         -17           8       32545
         -17           9       35045
         -18           9       35044
         -18           8       32544
         -18           7       30044
         -18           6       27544
         -18           5       25044
         -19           5       25043
         -20           5       25042
         -21           5       25041
         -21           4       22541
         -21           3       20041
         -22           3       20040
         -22           4       22540
         -22           5       25040
         -22           6       27540
         -21           6       27541
         -21           7       30041
         -20           7       30042
         -20           6       27542
         -19           6       27543
         -19           7       30043
         -19           8       32543
         -20           8       32542
         -21           8       32541
         -22           8       32540
         -22           7       30040
         -23           7       30039
         -24           7       30038
         -25           7       30037
         -26           7       30036
         -26           6       27536
         -27           6       27535
         -27           7       30035
         -28           7       30034
         -28           6       27534
         -29           6       27533
         -29           5       25033
         -28           5       25034
         -27           5       25035
         -27           4       22535
         -28           4       22534
         -28           3       20034
         -29           3       20033
         -29           4       22533
         -30           4       22532
         -31           4       22531
         -32           4       22530
         -32           3       20030
         -32           2       17530
         -31           2       17531
         -31           3       20031
         -30           3       20032
         -30           2       17532
         -30           1       15032
         -30           0       12532
         -31           0       12531
         -31           1       15031
         -32           1       15030
         -32           0       12530
         -32          -1       10030
         -32          -2        7530
         -33          -2        7529
         -34          -2        7528
         -34          -3        5028
         -34          -4        2528
         -34          -5          28
         -33          -5          29
         -33          -4        2529
         -33          -3        5029
         -32          -3        5030
         -31          -3        5031
         -30          -3        5032
         -29          -3        5033
         -29          -2        7533
         -30          -2        7532
         -31          -2        7531
         -31          -1       10031
         -30          -1       10032
         -29          -1       10033
         -29           0       12533
         -28           0       12534
         -27           0       12535
         -26           0       12536
         -26          -1       10036
         -27          -1       10035
         -28          -1       10034
         -28          -2        7534
         -28          -3        5034
         -27          -3        5035
         -27          -2        7535
         -26          -2        7536
         -25          -2        7537
         -25          -3        5037
         -26          -3        5036
         -26          -4        2536
         -27          -4        2535
         -28          -4        2534
         -29          -4        2533
         -30          -4        2532
         -31          -4        2531
         -32          -4        2530
         -32          -5          30
         -31          -5          31
         -31          -6     6247531
         -30          -6     6247532
         -30          -5          32
         -29          -5          33
         -28          -5          34
         -27          -5          35
         -26          -5          36
         -25          -5          37
         -25          -4        2537
         -24          -4        2538
         -24          -3        5038
         -23          -3        5039
         -22          -3        5040
         -21          -3        5041
         -21          -2        7541
         -20          -2        7542
         -20          -3        5042
         -19          -3        5043
         -19          -4        2543
         -19          -5          43
         -20          -5          42
         -20          -4        2542
         -21          -4        2541
         -22          -4        2540
         -23          -4        2539
         -23          -5          39
         -24          -5          38
         -24          -6     6247538
         -25          -6     6247537
         -26          -6     6247536
         -27          -6     6247535
         -28          -6     6247534
         -29          -6     6247533
         -29          -7     6245033
         -30          -7     6245032
         -30          -8     6242532
         -29          -8     6242533
         -28          -8     6242534
         -28          -7     6245034
         -27          -7     6245035
         -27          -8     6242535
         -26          -8     6242536
         -26          -7     6245036
         -25          -7     6245037
         -25          -8     6242537
         -24          -8     6242538
         -23          -8     6242539
         -22          -8     6242540
         -22          -9     6240040
         -23          -9     6240039
         -23         -10     6237539
         -23         -11     6235039
         -24         -11     6235038
         -24         -10     6237538
         -24          -9     6240038
         -25          -9     6240037
         -25         -10     6237537
         -26         -10     6237536
         -27         -10     6237535
         -27          -9     6240035
         -28          -9     6240034
         -28         -10     6237534
         -29         -10     6237533
         -29          -9     6240033
         -30          -9     6240032
         -30         -10     6237532
         -31         -10     6237531
         -31         -11     6235031
         -30         -11     6235032
         -30         -12     6232532
         -29         -12     6232533
         -29         -11     6235033
         -28         -11     6235034
         -27         -11     6235035
         -27         -12     6232535
         -28         -12     6232534
         -28         -13     6230034
         -28         -14     6227534
         -27         -14     6227535
         -26         -14     6227536
         -26         -13     6230036
         -26         -12     6232536
         -26         -11     6235036
         -25         -11     6235037
         -25         -12     6232537
         -24         -12     6232538
         -24         -13     6230038
         -23         -13     6230039
         -23         -12     6232539
         -22         -12     6232540
         -22         -11     6235040
         -22         -10     6237540
         -21         -10     6237541
         -20         -10     6237542
         -19         -10     6237543
         -19          -9     6240043
         -19          -8     6242543
         -18          -8     6242544
         -17          -8     6242545
         -17          -7     6245045
         -18          -7     6245044
         -19          -7     6245043
         -20          -7     6245042
         -20          -8     6242542
         -20          -9     6240042
         -21          -9     6240041
         -21          -8     6242541
         -21          -7     6245041
         -22          -7     6245040
         -23          -7     6245039
         -23          -6     6247539
         -22          -6     6247540
         -22          -5          40
         -21          -5          41
         -21          -6     6247541
         -20          -6     6247542
         -19          -6     6247543
         -18          -6     6247544
         -17          -6     6247545
         -16          -6     6247546
         -15          -6     6247547
         -14          -6     6247548
         -13          -6     6247549
         -12          -6     6247550
         -11          -6     6247551
         -11          -7     6245051
         -11          -8     6242551
         -12          -8     6242550
         -12          -7     6245050
         -13          -7     6245049
         -13          -8     6242549
         -13          -9     6240049
         -12          -9     6240050
         -12         -10     6237550
         -11         -10     6237551
         -11          -9     6240051
         -10          -9     6240052
         -10         -10     6237552
          -9         -10     6237553
          -8         -10     6237554
          -8          -9     6240054
          -9          -9     6240053
          -9          -8     6242553
          -8          -8     6242554
          -7          -8     6242555
          -6          -8     6242556
          -6          -7     6245056
          -7          -7     6245055
          -7          -6     6247555
          -7          -5          55
          -7          -4        2555
          -7          -3        5055
          -8          -3        5054
          -9          -3        5053
          -9          -4        2553
          -8          -4        2554
          -8          -5          54
          -8          -6     6247554
          -8          -7     6245054
          -9          -7     6245053
         -10          -7     6245052
         -10          -6     6247552
          -9          -6     6247553
          -9          -5          53
         -10          -5          52
         -11          -5          51
         -11          -4        2551
         -10          -4        2552
         -10          -3        5052
         -10          -2        7552
         -11          -2        7551
         -11          -3        5051
         -12          -3        5050
         -12          -4        2550
         -12          -5          50
         -13          -5          49
         -13          -4        2549
         -13          -3        5049
         -13          -2        7549
         -13          -1       10049
         -14          -1       10048
         -14          -2        7548
         -14          -3        5048
         -14          -4        2548
         -14          -5          48
         -15          -5          47
         -16          -5          46
         -17          -5          45
         -17          -4        2545
         -16          -4        2546
         -15          -4        2547
         -15          -3        5047
         -15          -2        7547
         -15          -1       10047
         -15           0       12547
         -16           0       12546
         -16          -1       10046
         -16          -2        7546
         -16          -3        5046
         -17          -3        5045
         -17          -2        7545
         -17          -1       10045
         -17           0       12545
         -18           0       12544
         -18          -1       10044
         -19          -1       10043
         -19           0       12543
         -19           1       15043
         -19           2       17543
         -20           2       17542
         -20           1       15042
         -20           0       12542
         -20          -1       10042
         -21          -1       10041
         -21           0       12541
         -21           1       15041
         -21           2       17541
         -22           2       17540
         -23           2       17539
         -23           3       20039
         -23           4       22539
         -23           5       25039
         -24           5       25038
         -24           6       27538
         -25           6       27537
         -25           5       25037
         -26           5       25036
         -26           4       22536
         -25           4       22537
         -24           4       22538
         -24           3       20038
         -24           2       17538
         -25           2       17537
         -25           3       20037
         -26           3       20036
         -26           2       17536
         -27           2       17535
         -28           2       17534
         -29           2       17533
         -29           1       15033
         -28           1       15034
         -27           1       15035
         -26           1       15036
         -25           1       15037
         -24           1       15038
         -23           1       15039
         -23           0       12539
         -22           0       12540
         -22          -1       10040
         -22          -2        7540
         -23          -2        7539
         -24          -2        7538
         -24          -1       10038
         -24           0       12538
         -25           0       12537
         -25          -1       10037
