 ira =         2511   masha =        25016
           0           0        2511
           1           0        2512
           1          -1          12
           0          -1          11
          -1          -1          10
          -1           0        2510
          -2           0        2509
          -2           1        5009
          -1           1        5010
          -1           2        7510
          -2           2        7509
          -3           2        7508
          -3           3       10008
          -4           3       10007
          -4           2        7507
          -4           1        5007
          -3           1        5008
          -3           0        2508
          -3          -1           8
          -4          -1           7
          -4           0        2507
          -5           0        2506
          -5           1        5006
          -5           2        7506
          -5           3       10006
          -6           3       10005
          -6           2        7505
          -6           1        5005
          -6           0        2505
          -6          -1           5
          -5          -1           6
          -5          -2     6247506
          -6          -2     6247505
          -6          -3     6245005
          -6          -4     6242505
          -5          -4     6242506
          -5          -3     6245006
          -4          -3     6245007
          -4          -2     6247507
          -3          -2     6247508
          -2          -2     6247509
          -2          -3     6245009
          -3          -3     6245008
          -3          -4     6242508
          -4          -4     6242507
          -4          -5     6240007
          -3          -5     6240008
          -3          -6     6237508
          -2          -6     6237509
          -2          -5     6240009
          -2          -4     6242509
          -1          -4     6242510
          -1          -3     6245010
          -1          -2     6247510
           0          -2     6247511
           0          -3     6245011
           1          -3     6245012
           1          -2     6247512
           2          -2     6247513
           2          -3     6245013
           3          -3     6245014
           3          -2     6247514
           3          -1          14
           2          -1          13
           2           0        2513
           2           1        5013
           2           2        7513
           2           3       10013
           1           3       10012
           1           2        7512
           1           1        5012
           0           1        5011
           0           2        7511
           0           3       10011
          -1           3       10010
          -2           3       10009
          -2           4       12509
          -3           4       12508
          -4           4       12507
          -5           4       12506
          -6           4       12505
          -7           4       12504
          -8           4       12503
          -8           3       10003
          -9           3       10002
          -9           4       12502
         -10           4       12501
         -11           4       15000
         -11           5       17500
         -11           6       20000
         -12           6       19999
         -12           7       22499
         -11           7       22500
         -10           7       20001
         -10           6       17501
         -10           5       15001
          -9           5       15002
          -8           5       15003
          -7           5       15004
          -6           5       15005
          -6           6       17505
          -7           6       17504
          -8           6       17503
          -9           6       17502
          -9           7       20002
          -8           7       20003
          -8           8       22503
          -7           8       22504
          -7           9       25004
          -8           9       25003
          -9           9       25002
          -9           8       22502
         -10           8       22501
         -11           8       25000
         -12           8       24999
         -12           9       27499
         -11           9       27500
         -11          10       30000
         -12          10       29999
         -12          11       32499
         -11          11       32500
         -11          12       35000
         -10          12       32501
         -10          11       30001
         -10          10       27501
          -9          10       27502
          -9          11       30002
          -9          12       32502
          -8          12       32503
          -8          11       30003
          -8          10       27503
          -7          10       27504
          -7          11       30004
          -7          12       32504
          -7          13       35004
          -8          13       35003
          -9          13       35002
          -9          14       37502
          -8          14       37503
          -7          14       37504
          -7          15       40004
          -6          15       40005
          -5          15       40006
          -5          14       37506
          -4          14       37507
          -4          15       40007
          -4          16       42507
          -3          16       42508
          -3          15       40008
          -3          14       37508
          -3          13       35008
          -3          12       32508
          -4          12       32507
          -4          13       35007
          -5          13       35006
          -6          13       35005
          -6          12       32505
          -5          12       32506
          -5          11       30006
          -5          10       27506
          -6          10       27505
          -6           9       25005
          -5           9       25006
          -4           9       25007
          -4           8       22507
          -5           8       22506
          -6           8       22505
          -6           7       20005
          -5           7       20006
          -5           6       17506
          -5           5       15006
          -4           5       15007
          -4           6       17507
          -4           7       20007
          -3           7       20008
          -2           7       20009
          -2           6       17509
          -1           6       17510
          -1           7       20010
           0           7       20011
           0           6       17511
           1           6       17512
           2           6       17513
           2           5       15013
           1           5       15012
           0           5       15011
          -1           5       15010
          -1           4       12510
           0           4       12511
           1           4       12512
           2           4       12513
           3           4       12514
           3           5       15014
           3           6       17514
           4           6       17515
           4           5       15015
           5           5       15016
           5           6       17516
           6           6       17517
           6           5       15017
           7           5       15018
           7           6       17518
           7           7       20018
           7           8       22518
           8           8       22519
           8           7       20019
           8           6       17519
           8           5       15019
           9           5       15020
           9           4       12520
           8           4       12519
           7           4       12518
           7           3       10018
           7           2        7518
           6           2        7517
           6           1        5017
           6           0        2517
           6          -1          17
           5          -1          16
           5           0        2516
           5           1        5016
           5           2        7516
           5           3       10016
           6           3       10017
           6           4       12517
           5           4       12516
           4           4       12515
           4           3       10015
           3           3       10014
           3           2        7514
           4           2        7515
           4           1        5015
           3           1        5014
           3           0        2514
           4           0        2515
           4          -1          15
           4          -2     6247515
           5          -2     6247516
           6          -2     6247517
           7          -2     6247518
           8          -2     6247519
           9          -2     6247520
           9          -1          20
           8          -1          19
           7          -1          18
           7           0        2518
           8           0        2519
           8           1        5019
           8           2        7519
           8           3       10019
           9           3       10020
          10           3       10021
          10           2        7521
           9           2        7520
           9           1        5020
          10           1        5021
          11           1        5022
          12           1        5023
          12           2        7523
          11           2        7522
          11           3       10022
          12           3       10023
          12           4       12523
          12           5       15023
          11           5       15022
          11           4       12522
          10           4       12521
          10           5       15021
          10           6       17521
           9           6       17520
           9           7       20020
          10           7       20021
          11           7       20022
          11           6       17522
          12           6       17523
          12           7       20023
          13           7       20024
          14           7       20025
          15           7       20026
          15           6       17526
          15           5       15026
          14           5       15025
          13           5       15024
          13           4       12524
          13           3       10024
          14           3       10025
          14           4       12525
          15           4       12526
          16           4       12527
          16           5       15027
          17           5       15028
          17           4       12528
          18           4       12529
          18           5       15029
          18           6       17529
          17           6       17528
          16           6       17527
          16           7       20027
          17           7       20028
          18           7       20029
          18           8       22529
          19           8       22530
          19           7       20030
          20           7       20031
          21           7       20032
          21           8       22532
          20           8       22531
          20           9       25031
          21           9       25032
          22           9       25033
          22          10       27533
          21          10       27532
          20          10       27531
          20          11       30031
          19          11       30030
          19          10       27530
          19           9       25030
          18           9       25029
          17           9       25028
          16           9       25027
          16          10       27527
          16          11       30027
          15          11       30026
          15          10       27526
          14          10       27525
          14          11       30025
          13          11       30024
          12          11       30023
          12          12       32523
          12          13       35023
          12          14       37523
          12          15       40023
          13          15       40024
          13          14       37524
          14          14       37525
          14          13       35025
          13          13       35024
          13          12       32524
          14          12       32525
          15          12       32526
          16          12       32527
          16          13       35027
          15          13       35026
          15          14       37526
          16          14       37527
          17          14       37528
          17          13       35028
          17          12       32528
          17          11       30028
          17          10       27528
          18          10       27529
          18          11       30029
          18          12       32529
          19          12       32530
          20          12       32531
          20          13       35031
          19          13       35030
          18          13       35029
          18          14       37529
          18          15       40029
          17          15       40028
          17          16       42528
          18          16       42529
          19          16       42530
          19          15       40030
          20          15       40031
          20          16       42531
          20          17       45031
          19          17       45030
          18          17       45029
          17          17       45028
          17          18       47528
          16          18       47527
          15          18       47526
          15          17       45026
          16          17       45027
          16          16       42527
          15          16       42526
          15          15       40026
          14          15       40025
          14          16       42525
          14          17       45025
          14          18       47525
          14          19       50025
          13          19       50024
          13          18       47524
          12          18       47523
          12          19       50023
          11          19       50022
          11          18       47522
          11          17       45022
          12          17       45023
          13          17       45024
          13          16       42524
          12          16       42523
          11          16       42522
          11          15       40022
          11          14       37522
          10          14       37521
          10          13       35021
          11          13       35022
          11          12       32522
          11          11       30022
          10          11       30021
          10          12       32521
           9          12       32520
           8          12       32519
           7          12       32518
           7          11       30018
           6          11       30017
           6          10       27517
           6           9       25017
           6           8       22517
           6           7       20017
           5           7       20016
           5           8       22516
           4           8       22515
           4           7       20015
           3           7       20014
           2           7       20013
           1           7       20012
           1           8       22512
           0           8       22511
           0           9       25011
           0          10       27511
          -1          10       27510
          -1          11       30010
          -1          12       32510
          -2          12       32509
          -2          13       35009
          -2          14       37509
          -2          15       40009
          -2          16       42509
          -1          16       42510
           0          16       42511
           1          16       42512
           2          16       42513
           2          17       45013
           2          18       47513
           1          18       47512
           0          18       47511
           0          17       45011
          -1          17       45010
          -1          18       47510
          -1          19       50010
           0          19       50011
           1          19       50012
           1          20       52512
           2          20       52513
           2          19       50013
           3          19       50014
           3          18       47514
           4          18       47515
           4          17       45015
           3          17       45014
           3          16       42514
           4          16       42515
           4          15       40015
           5          15       40016
           5          14       37516
           6          14       37517
           6          13       35017
           5          13       35016
           4          13       35015
           4          14       37515
           3          14       37514
           3          15       40014
           2          15       40013
           1          15       40012
           0          15       40011
          -1          15       40010
          -1          14       37510
           0          14       37511
           0          13       35011
           1          13       35012
           1          12       32512
           0          12       32511
           0          11       30011
           1          11       30012
           2          11       30013
           2          12       32513
           2          13       35013
           3          13       35014
           3          12       32514
           3          11       30014
           4          11       30015
           4          12       32515
           5          12       32516
           5          11       30016
           5          10       27516
           4          10       27515
           3          10       27514
           2          10       27513
           1          10       27512
           1           9       25012
           2           9       25013
           2           8       22513
           3           8       22514
           3           9       25014
           4           9       25015
           5           9       25016
