 ira =        84972   masha =        84968
           0           0       84972
           0           1       89972
          -1           1       89971
          -1           0       84971
          -2           0       84970
          -3           0       84969
          -3          -1       79969
          -2          -1       79970
          -1          -1       79971
          -1          -2       74971
          -2          -2       74970
          -3          -2       74969
          -4          -2       74968
          -4          -1       79968
          -5          -1       79967
          -6          -1       79966
          -6          -2       74966
          -5          -2       74967
          -5          -3       69967
          -4          -3       69968
          -3          -3       69969
          -3          -4       64969
          -2          -4       64970
          -2          -3       69970
          -1          -3       69971
          -1          -4       64971
          -1          -5       59971
          -1          -6       54971
           0          -6       54972
           0          -5       59972
           1          -5       59973
           1          -4       64973
           0          -4       64972
           0          -3       69972
           1          -3       69973
           1          -2       74973
           0          -2       74972
           0          -1       79972
           1          -1       79973
           1           0       84973
           1           1       89973
           1           2       94973
           0           2       94972
          -1           2       94971
          -1           3       99971
          -1           4      104971
          -2           4      104970
          -2           5      109970
          -1           5      109971
           0           5      109972
           0           6      114972
           1           6      114973
           1           5      109973
           2           5      109974
           2           4      104974
           1           4      104973
           0           4      104972
           0           3       99972
           1           3       99973
           2           3       99974
           3           3       99975
           3           4      104975
           4           4      104976
           4           3       99976
           4           2       94976
           3           2       94975
           2           2       94974
           2           1       89974
           3           1       89975
           3           0       84975
           2           0       84974
           2          -1       79974
           3          -1       79975
           4          -1       79976
           5          -1       79977
           6          -1       79978
           6           0       84978
           5           0       84977
           4           0       84976
           4           1       89976
           5           1       89977
           6           1       89978
           6           2       94978
           7           2       94979
           8           2       94980
           8           1       89980
           7           1       89979
           7           0       84979
           8           0       84980
           9           0       84981
           9          -1       79981
          10          -1       79982
          11          -1       79983
          11          -2       74983
          10          -2       74982
           9          -2       74981
           9          -3       69981
           9          -4       64981
          10          -4       64982
          11          -4       64983
          11          -3       69983
          12          -3       69984
          12          -2       74984
          13          -2       74985
          13          -3       69985
          13          -4       64985
          14          -4       64986
          14          -5       59986
          13          -5       59985
          12          -5       59984
          11          -5       59983
          10          -5       59982
           9          -5       59981
           9          -6       54981
           9          -7       49981
           8          -7       49980
           8          -6       54980
           8          -5       59980
           8          -4       64980
           8          -3       69980
           8          -2       74980
           8          -1       79980
           7          -1       79979
           7          -2       74979
           6          -2       74978
           5          -2       74977
           5          -3       69977
           4          -3       69976
           4          -2       74976
           3          -2       74975
           3          -3       69975
           2          -3       69974
           2          -4       64974
           3          -4       64975
           4          -4       64976
           5          -4       64977
           5          -5       59977
           4          -5       59976
           3          -5       59975
           3          -6       54975
           4          -6       54976
           4          -7       49976
           4          -8       44976
           3          -8       44975
           3          -7       49975
           2          -7       49974
           1          -7       49973
           0          -7       49972
          -1          -7       49971
          -2          -7       49970
          -3          -7       49969
          -4          -7       49968
          -4          -8       44968
          -4          -9       39968
          -4         -10       34968
          -3         -10       34969
          -2         -10       34970
          -1         -10       34971
          -1          -9       39971
          -2          -9       39970
          -3          -9       39969
          -3          -8       44969
          -2          -8       44970
          -1          -8       44971
           0          -8       44972
           0          -9       39972
           1          -9       39973
           1          -8       44973
           2          -8       44974
           2          -9       39974
           3          -9       39975
           4          -9       39976
           4         -10       34976
           4         -11       29976
           4         -12       24976
           5         -12       24977
           5         -11       29977
           5         -10       34977
           6         -10       34978
           6         -11       29978
           7         -11       29979
           7         -10       34979
           7          -9       39979
           6          -9       39978
           5          -9       39977
           5          -8       44977
           6          -8       44978
           6          -7       49978
           5          -7       49977
           5          -6       54977
           6          -6       54978
           6          -5       59978
           6          -4       64978
           6          -3       69978
           7          -3       69979
           7          -4       64979
           7          -5       59979
           7          -6       54979
           7          -7       49979
           7          -8       44979
           8          -8       44980
           8          -9       39980
           9          -9       39981
           9          -8       44981
          10          -8       44982
          10          -7       49982
          10          -6       54982
          11          -6       54983
          12          -6       54984
          13          -6       54985
          14          -6       54986
          14          -7       49986
          13          -7       49985
          12          -7       49984
          11          -7       49983
          11          -8       44983
          12          -8       44984
          12          -9       39984
          11          -9       39983
          10          -9       39982
          10         -10       34982
           9         -10       34981
           8         -10       34980
           8         -11       29980
           9         -11       29981
          10         -11       29982
          11         -11       29983
          11         -10       34983
          12         -10       34984
          12         -11       29984
          12         -12       24984
          13         -12       24985
          13         -13       19985
          13         -14       14985
          14         -14       14986
          15         -14       14987
          15         -13       19987
          14         -13       19986
          14         -12       24986
          15         -12       24987
          15         -11       29987
          14         -11       29986
          13         -11       29985
          13         -10       34985
          13          -9       39985
          13          -8       44985
          14          -8       44986
          14          -9       39986
          14         -10       34986
          15         -10       34987
          15          -9       39987
          15          -8       44987
          16          -8       44988
          16          -7       49988
          15          -7       49987
          15          -6       54987
          16          -6       54988
          16          -5       59988
          15          -5       59987
          15          -4       64987
          15          -3       69987
          15          -2       74987
          16          -2       74988
          17          -2       74989
          17          -3       69989
          16          -3       69988
          16          -4       64988
          17          -4       64989
          17          -5       59989
          17          -6       54989
          17          -7       49989
          17          -8       44989
          18          -8       44990
          19          -8       44991
          20          -8       44992
          20          -7       49992
          21          -7       49993
          21          -8       44993
          21          -9       39993
          20          -9       39992
          19          -9       39991
          18          -9       39990
          17          -9       39989
          16          -9       39988
          16         -10       34988
          17         -10       34989
          18         -10       34990
          19         -10       34991
          19         -11       29991
          20         -11       29992
          20         -10       34992
          21         -10       34993
          21         -11       29993
          22         -11       29994
          22         -12       24994
          22         -13       19994
          23         -13       19995
          23         -12       24995
          23         -11       29995
          23         -10       34995
          22         -10       34994
          22          -9       39994
          22          -8       44994
          23          -8       44995
          23          -9       39995
          24          -9       39996
          24         -10       34996
          25         -10       34997
          25         -11       29997
          24         -11       29996
          24         -12       24996
          25         -12       24997
          26         -12       24998
          27         -12       24999
          28         -12       25000
          28         -13       20000
          27         -13       19999
          26         -13       19998
          25         -13       19997
          24         -13       19996
          24         -14       14996
          25         -14       14997
          26         -14       14998
          27         -14       14999
          28         -14       15000
          28         -15       10000
          29         -15        5001
          29         -16           1
          28         -16        5000
          27         -16        4999
          27         -15        9999
          26         -15        9998
          26         -16        4998
          25         -16        4997
          25         -15        9997
          24         -15        9996
          24         -16        4996
          23         -16        4995
          23         -15        9995
          23         -14       14995
          22         -14       14994
          22         -15        9994
          22         -16        4994
          21         -16        4993
          21         -15        9993
          20         -15        9992
          20         -14       14992
          21         -14       14993
          21         -13       19993
          20         -13       19992
          20         -12       24992
          19         -12       24991
          18         -12       24990
          18         -11       29990
          17         -11       29989
          17         -12       24989
          17         -13       19989
          16         -13       19988
          16         -14       14988
          17         -14       14989
          18         -14       14990
          18         -13       19990
          19         -13       19991
          19         -14       14991
          19         -15        9991
          18         -15        9990
          17         -15        9989
          16         -15        9988
          15         -15        9987
          14         -15        9986
          13         -15        9985
          12         -15        9984
          12         -14       14984
          11         -14       14983
          11         -13       19983
          11         -12       24983
          10         -12       24982
          10         -13       19982
          10         -14       14982
           9         -14       14981
           9         -15        9981
          10         -15        9982
          11         -15        9983
          11         -16        4983
          10         -16        4982
           9         -16        4981
           9         -17    24999981
          10         -17    24999982
          10         -18    24994982
           9         -18    24994981
           8         -18    24994980
           8         -17    24999980
           8         -16        4980
           8         -15        9980
           7         -15        9979
           7         -16        4979
           7         -17    24999979
           7         -18    24994979
           6         -18    24994978
           6         -17    24999978
           6         -16        4978
           6         -15        9978
           5         -15        9977
           5         -14       14977
           6         -14       14978
           7         -14       14979
           8         -14       14980
           8         -13       19980
           9         -13       19981
           9         -12       24981
           8         -12       24980
           7         -12       24979
           7         -13       19979
           6         -13       19978
           5         -13       19977
           4         -13       19976
           4         -14       14976
           3         -14       14975
           3         -13       19975
           3         -12       24975
           3         -11       29975
           3         -10       34975
           2         -10       34974
           1         -10       34973
           0         -10       34972
           0         -11       29972
           1         -11       29973
           2         -11       29974
           2         -12       24974
           1         -12       24973
           0         -12       24972
           0         -13       19972
           1         -13       19973
           1         -14       14973
           2         -14       14974
           2         -15        9974
           1         -15        9973
           0         -15        9972
           0         -14       14972
          -1         -14       14971
          -1         -15        9971
          -1         -16        4971
          -2         -16        4970
          -3         -16        4969
          -3         -17    24999969
          -2         -17    24999970
          -2         -18    24994970
          -2         -19    24989970
          -1         -19    24989971
          -1         -20    24984971
           0         -20    24984972
           0         -19    24989972
           0         -18    24994972
           0         -17    24999972
           0         -16        4972
           1         -16        4973
           2         -16        4974
           3         -16        4975
           3         -15        9975
           4         -15        9976
           4         -16        4976
           5         -16        4977
           5         -17    24999977
           5         -18    24994977
           5         -19    24989977
           4         -19    24989976
           4         -18    24994976
           4         -17    24999976
           3         -17    24999975
           3         -18    24994975
           3         -19    24989975
           3         -20    24984975
           2         -20    24984974
           2         -19    24989974
           2         -18    24994974
           2         -17    24999974
           1         -17    24999973
           1         -18    24994973
           1         -19    24989973
           1         -20    24984973
           1         -21    24979973
           2         -21    24979974
           3         -21    24979975
           3         -22    24974975
           2         -22    24974974
           2         -23    24969974
           2         -24    24964974
           2         -25    24959974
           3         -25    24959975
           3         -26    24954975
           4         -26    24954976
           5         -26    24954977
           6         -26    24954978
           6         -25    24959978
           7         -25    24959979
           8         -25    24959980
           9         -25    24959981
          10         -25    24959982
          11         -25    24959983
          11         -26    24954983
          10         -26    24954982
          10         -27    24949982
          11         -27    24949983
          12         -27    24949984
          13         -27    24949985
          14         -27    24949986
          14         -28    24944986
          15         -28    24944987
          15         -27    24949987
          16         -27    24949988
          16         -26    24954988
          16         -25    24959988
          15         -25    24959987
          15         -26    24954987
          14         -26    24954986
          14         -25    24959986
          13         -25    24959985
          13         -26    24954985
          12         -26    24954984
          12         -25    24959984
          12         -24    24964984
          12         -23    24969984
          12         -22    24974984
          11         -22    24974983
          11         -23    24969983
          11         -24    24964983
          10         -24    24964982
           9         -24    24964981
           9         -23    24969981
          10         -23    24969982
          10         -22    24974982
          10         -21    24979982
          11         -21    24979983
          12         -21    24979984
          13         -21    24979985
          13         -20    24984985
          12         -20    24984984
          11         -20    24984983
          10         -20    24984982
           9         -20    24984981
           9         -21    24979981
           9         -22    24974981
           8         -22    24974980
           7         -22    24974979
           6         -22    24974978
           6         -23    24969978
           7         -23    24969979
           8         -23    24969980
           8         -24    24964980
           7         -24    24964979
           6         -24    24964978
           5         -24    24964977
           5         -25    24959977
           4         -25    24959976
           4         -24    24964976
           3         -24    24964975
           3         -23    24969975
           4         -23    24969976
           5         -23    24969977
           5         -22    24974977
           5         -21    24979977
           5         -20    24984977
           6         -20    24984978
           6         -19    24989978
           7         -19    24989979
           8         -19    24989980
           9         -19    24989981
          10         -19    24989982
          11         -19    24989983
          12         -19    24989984
          13         -19    24989985
          14         -19    24989986
          14         -18    24994986
          13         -18    24994985
          12         -18    24994984
          11         -18    24994983
          11         -17    24999983
          12         -17    24999984
          12         -16        4984
          13         -16        4985
          13         -17    24999985
          14         -17    24999986
          14         -16        4986
          15         -16        4987
          16         -16        4988
          17         -16        4989
          18         -16        4990
          19         -16        4991
          20         -16        4992
          20         -17    24999992
          21         -17    24999993
          22         -17    24999994
          23         -17    24999995
          24         -17    24999996
          25         -17    24999997
          26         -17    24999998
          26         -18    24994998
          27         -18    24994999
          27         -17    24999999
          28         -17    25000000
          28         -18    24995000
          28         -19    24990000
          27         -19    24989999
          26         -19    24989998
          26         -20    24984998
          25         -20    24984997
          24         -20    24984996
          24         -19    24989996
          25         -19    24989997
          25         -18    24994997
          24         -18    24994996
          23         -18    24994995
          23         -19    24989995
          23         -20    24984995
          22         -20    24984994
          21         -20    24984993
          21         -21    24979993
          20         -21    24979992
          20         -20    24984992
          19         -20    24984991
          19         -21    24979991
          18         -21    24979990
          17         -21    24979989
          16         -21    24979988
          16         -20    24984988
          17         -20    24984989
          18         -20    24984990
          18         -19    24989990
          19         -19    24989991
          20         -19    24989992
          21         -19    24989993
          22         -19    24989994
          22         -18    24994994
          21         -18    24994993
          20         -18    24994992
          19         -18    24994991
          19         -17    24999991
          18         -17    24999990
          18         -18    24994990
          17         -18    24994989
          17         -19    24989989
          16         -19    24989988
          16         -18    24994988
          16         -17    24999988
          15         -17    24999987
          15         -18    24994987
          15         -19    24989987
          15         -20    24984987
          14         -20    24984986
          14         -21    24979986
          15         -21    24979987
          15         -22    24974987
          14         -22    24974986
          13         -22    24974985
          13         -23    24969985
          13         -24    24964985
          14         -24    24964986
          15         -24    24964987
          16         -24    24964988
          16         -23    24969988
          16         -22    24974988
          17         -22    24974989
          17         -23    24969989
          17         -24    24964989
          17         -25    24959989
          18         -25    24959990
          18         -24    24964990
          18         -23    24969990
          18         -22    24974990
          19         -22    24974991
          20         -22    24974992
          20         -23    24969992
          21         -23    24969993
          21         -24    24964993
          22         -24    24964994
          23         -24    24964995
          23         -23    24969995
          23         -22    24974995
          24         -22    24974996
          24         -23    24969996
          25         -23    24969997
          25         -24    24964997
          26         -24    24964998
          26         -23    24969998
          27         -23    24969999
          28         -23    24970000
          28         -22    24975000
          27         -22    24974999
          26         -22    24974998
          25         -22    24974997
          25         -21    24979997
          26         -21    24979998
          27         -21    24979999
          27         -20    24984999
          28         -20    24985000
          28         -21    24980000
          29         -21    24975001
          29         -22    24970001
          30         -22    24970002
          31         -22    24970003
          31         -23    24965003
          30         -23    24965002
          29         -23    24965001
          29         -24    24960001
          29         -25    24955001
          29         -26    24950001
          29         -27    24945001
          28         -27    24950000
          27         -27    24949999
          27         -26    24954999
          28         -26    24955000
          28         -25    24960000
          28         -24    24965000
          27         -24    24964999
          27         -25    24959999
          26         -25    24959998
          26         -26    24954998
          25         -26    24954997
          25         -25    24959997
          24         -25    24959996
          24         -26    24954996
          24         -27    24949996
          24         -28    24944996
          25         -28    24944997
          25         -27    24949997
          26         -27    24949998
          26         -28    24944998
          27         -28    24944999
          27         -29    24939999
          26         -29    24939998
          25         -29    24939997
          25         -30    24934997
          25         -31    24929997
          24         -31    24929996
          24         -30    24934996
          23         -30    24934995
          23         -29    24939995
          23         -28    24944995
          22         -28    24944994
          21         -28    24944993
          21         -27    24949993
          22         -27    24949994
          22         -26    24954994
          21         -26    24954993
          21         -25    24959993
          20         -25    24959992
          20         -24    24964992
          19         -24    24964991
          19         -25    24959991
          19         -26    24954991
          20         -26    24954992
          20         -27    24949992
          20         -28    24944992
          19         -28    24944991
          19         -27    24949991
          18         -27    24949990
          18         -26    24954990
          17         -26    24954989
          17         -27    24949989
          17         -28    24944989
          18         -28    24944990
          18         -29    24939990
          19         -29    24939991
          20         -29    24939992
          21         -29    24939993
          21         -30    24934993
          20         -30    24934992
          20         -31    24929992
          19         -31    24929991
          19         -30    24934991
          18         -30    24934990
          18         -31    24929990
          17         -31    24929989
          17         -30    24934989
          17         -29    24939989
          16         -29    24939988
          15         -29    24939987
          14         -29    24939986
          14         -30    24934986
          15         -30    24934987
          16         -30    24934988
          16         -31    24929988
          15         -31    24929987
          14         -31    24929986
          13         -31    24929985
          12         -31    24929984
          12         -30    24934984
          11         -30    24934983
          10         -30    24934982
          10         -29    24939982
          11         -29    24939983
          12         -29    24939984
          13         -29    24939985
          13         -28    24944985
          12         -28    24944984
          11         -28    24944983
          10         -28    24944982
           9         -28    24944981
           8         -28    24944980
           8         -27    24949980
           9         -27    24949981
           9         -26    24954981
           8         -26    24954980
           7         -26    24954979
           7         -27    24949979
           6         -27    24949978
           5         -27    24949977
           5         -28    24944977
           5         -29    24939977
           5         -30    24934977
           5         -31    24929977
           5         -32    24924977
           5         -33    24919977
           5         -34    24914977
           4         -34    24914976
           4         -33    24919976
           3         -33    24919975
           2         -33    24919974
           1         -33    24919973
           1         -32    24924973
           2         -32    24924974
           2         -31    24929974
           3         -31    24929975
           3         -32    24924975
           4         -32    24924976
           4         -31    24929976
           4         -30    24934976
           4         -29    24939976
           4         -28    24944976
           4         -27    24949976
           3         -27    24949975
           3         -28    24944975
           3         -29    24939975
           3         -30    24934975
           2         -30    24934974
           1         -30    24934973
           1         -29    24939973
           2         -29    24939974
           2         -28    24944974
           2         -27    24949974
           2         -26    24954974
           1         -26    24954973
           1         -27    24949973
           1         -28    24944973
           0         -28    24944972
           0         -27    24949972
          -1         -27    24949971
          -2         -27    24949970
          -2         -26    24954970
          -1         -26    24954971
          -1         -25    24959971
          -2         -25    24959970
          -2         -24    24964970
          -2         -23    24969970
          -2         -22    24974970
          -1         -22    24974971
          -1         -21    24979971
          -2         -21    24979970
          -2         -20    24984970
          -3         -20    24984969
          -3         -19    24989969
          -3         -18    24994969
          -4         -18    24994968
          -5         -18    24994967
          -5         -19    24989967
          -4         -19    24989968
          -4         -20    24984968
          -4         -21    24979968
          -4         -22    24974968
          -5         -22    24974967
          -6         -22    24974966
          -6         -23    24969966
          -5         -23    24969967
          -5         -24    24964967
          -6         -24    24964966
          -6         -25    24959966
          -5         -25    24959967
          -5         -26    24954967
          -6         -26    24954966
          -7         -26    24954965
          -7         -25    24959965
          -8         -25    24959964
          -8         -26    24954964
          -8         -27    24949964
          -9         -27    24949963
          -9         -26    24954963
          -9         -25    24959963
          -9         -24    24964963
          -8         -24    24964964
          -7         -24    24964965
          -7         -23    24969965
          -7         -22    24974965
          -7         -21    24979965
          -8         -21    24979964
          -9         -21    24979963
          -9         -20    24984963
          -8         -20    24984964
          -7         -20    24984965
          -6         -20    24984966
          -6         -19    24989966
          -7         -19    24989965
          -7         -18    24994965
          -6         -18    24994966
          -6         -17    24999966
          -7         -17    24999965
          -8         -17    24999964
          -8         -16        4964
          -8         -15        9964
          -7         -15        9965
          -7         -16        4965
          -6         -16        4966
          -6         -15        9966
          -5         -15        9967
          -5         -16        4967
          -5         -17    24999967
          -4         -17    24999968
          -4         -16        4968
          -4         -15        9968
          -4         -14       14968
          -5         -14       14967
          -6         -14       14966
          -6         -13       19966
          -7         -13       19965
          -7         -14       14965
          -8         -14       14964
          -9         -14       14963
          -9         -13       19963
          -8         -13       19964
          -8         -12       24964
          -7         -12       24965
          -7         -11       29965
          -8         -11       29964
          -9         -11       29963
          -9         -10       34963
          -8         -10       34964
          -8          -9       39964
          -7          -9       39965
          -6          -9       39966
          -6         -10       34966
          -6         -11       29966
          -6         -12       24966
          -5         -12       24967
          -5         -13       19967
          -4         -13       19968
          -3         -13       19969
          -3         -14       14969
          -3         -15        9969
          -2         -15        9970
          -2         -14       14970
          -2         -13       19970
          -1         -13       19971
          -1         -12       24971
          -2         -12       24970
          -2         -11       29970
          -3         -11       29969
          -3         -12       24969
          -4         -12       24968
          -4         -11       29968
          -5         -11       29967
          -5         -10       34967
          -5          -9       39967
          -5          -8       44967
          -5          -7       49967
          -5          -6       54967
          -4          -6       54968
          -3          -6       54969
          -2          -6       54970
          -2          -5       59970
          -3          -5       59969
          -4          -5       59968
          -4          -4       64968
          -5          -4       64967
          -5          -5       59967
          -6          -5       59966
          -6          -6       54966
          -7          -6       54965
          -7          -5       59965
          -7          -4       64965
          -6          -4       64966
          -6          -3       69966
          -7          -3       69965
          -7          -2       74965
          -7          -1       79965
          -8          -1       79964
          -8           0       84964
          -7           0       84965
          -7           1       89965
          -6           1       89966
          -6           2       94966
          -5           2       94967
          -4           2       94968
          -3           2       94969
          -3           3       99969
          -2           3       99970
          -2           2       94970
          -2           1       89970
          -3           1       89969
          -4           1       89968
          -5           1       89967
          -5           0       84967
          -4           0       84968
