 ira =        37494   masha =        32484
           0           0       37494
           0           1       39994
           1           1       39995
           1           0       37495
           1          -1       34995
           2          -1       34996
           2          -2       32496
           1          -2       32495
           0          -2       32494
           0          -1       34994
          -1          -1       34993
          -2          -1       34992
          -2           0       37492
          -1           0       37493
          -1           1       39993
          -2           1       39992
          -2           2       42492
          -1           2       42493
           0           2       42494
           1           2       42495
           2           2       42496
           2           3       44996
           1           3       44995
           0           3       44994
          -1           3       44993
          -2           3       44992
          -2           4       47492
          -1           4       47493
           0           4       47494
           0           5       49994
           0           6       52494
          -1           6       52493
          -1           5       49993
          -2           5       49992
          -3           5       49991
          -3           4       47491
          -4           4       47490
          -4           5       49990
          -4           6       52490
          -5           6       52489
          -5           5       49989
          -5           4       47489
          -6           4       47488
          -6           5       49988
          -6           6       52488
          -7           6       52487
          -7           7       54987
          -6           7       54988
          -6           8       57488
          -7           8       57487
          -8           8       57486
          -8           7       54986
          -9           7       54985
          -9           8       57485
          -9           9       59985
          -8           9       59986
          -8          10       62486
          -9          10       62485
         -10          10       62484
         -10          11       64984
         -11          11       64983
         -11          12       67483
         -12          12       67482
         -12          11       64982
         -13          11       64981
         -13          10       62481
         -12          10       62482
         -11          10       62483
         -11           9       59983
         -10           9       59984
         -10           8       57484
         -11           8       57483
         -11           7       54983
         -12           7       54982
         -13           7       54981
         -13           6       52481
         -12           6       52482
         -11           6       52483
         -10           6       52484
         -10           5       49984
         -11           5       49983
         -12           5       49982
         -13           5       49981
         -14           5       49980
         -15           5       49979
         -15           6       52479
         -16           6       52478
         -16           5       49978
         -16           4       47478
         -16           3       44978
         -15           3       44979
         -15           4       47479
         -14           4       47480
         -13           4       47481
         -12           4       47482
         -11           4       47483
         -11           3       44983
         -10           3       44984
         -10           2       42484
         -11           2       42483
         -12           2       42482
         -12           3       44982
         -13           3       44981
         -13           2       42481
         -13           1       39981
         -12           1       39982
         -11           1       39983
         -10           1       39984
          -9           1       39985
          -8           1       39986
          -8           2       42486
          -9           2       42485
          -9           3       44985
          -9           4       47485
          -9           5       49985
          -9           6       52485
          -8           6       52486
          -8           5       49986
          -7           5       49987
          -7           4       47487
          -8           4       47486
          -8           3       44986
          -7           3       44987
          -7           2       42487
          -7           1       39987
          -6           1       39988
          -6           2       42488
          -6           3       44988
          -5           3       44989
          -4           3       44990
          -3           3       44991
          -3           2       42491
          -4           2       42490
          -5           2       42489
          -5           1       39989
          -4           1       39990
          -3           1       39991
          -3           0       37491
          -3          -1       34991
          -4          -1       34990
          -4           0       37490
          -5           0       37489
          -5          -1       34989
          -5          -2       32489
          -4          -2       32490
          -4          -3       29990
          -5          -3       29989
          -5          -4       27489
          -5          -5       24989
          -4          -5       24990
          -3          -5       24991
          -3          -6       22491
          -3          -7       19991
          -3          -8       17491
          -4          -8       17490
          -4          -9       14990
          -5          -9       14989
          -6          -9       14988
          -7          -9       14987
          -8          -9       14986
          -8         -10       12486
          -9         -10       12485
         -10         -10       12484
         -10         -11        9984
         -11         -11        9983
         -11         -10       12483
         -12         -10       12482
         -12          -9       14982
         -11          -9       14983
         -10          -9       14984
          -9          -9       14985
          -9          -8       17485
          -9          -7       19985
          -9          -6       22485
         -10          -6       22484
         -10          -7       19984
         -11          -7       19983
         -12          -7       19982
         -13          -7       19981
         -13          -6       22481
         -12          -6       22482
         -11          -6       22483
         -11          -5       24983
         -12          -5       24982
         -13          -5       24981
         -14          -5       24980
         -14          -6       22480
         -14          -7       19980
         -14          -8       17480
         -14          -9       14980
         -13          -9       14981
         -13         -10       12481
         -13         -11        9981
         -12         -11        9982
         -12         -12        7482
         -11         -12        7483
         -11         -13        4983
         -10         -13        4984
         -10         -12        7484
          -9         -12        7485
          -9         -11        9985
          -8         -11        9986
          -7         -11        9987
          -7         -12        7487
          -8         -12        7486
          -8         -13        4986
          -8         -14        2486
          -8         -15     6249986
          -7         -15     6249987
          -7         -14        2487
          -7         -13        4987
          -6         -13        4988
          -6         -14        2488
          -6         -15     6249988
          -6         -16     6247488
          -5         -16     6247489
          -4         -16     6247490
          -4         -15     6249990
          -5         -15     6249989
          -5         -14        2489
          -5         -13        4989
          -4         -13        4990
          -3         -13        4991
          -3         -14        2491
          -2         -14        2492
          -2         -13        4992
          -1         -13        4993
          -1         -14        2493
          -1         -15     6249993
          -1         -16     6247493
          -2         -16     6247492
          -2         -15     6249992
          -3         -15     6249991
          -3         -16     6247491
          -3         -17     6244991
          -2         -17     6244992
          -2         -18     6242492
          -3         -18     6242491
          -4         -18     6242490
          -4         -17     6244990
          -5         -17     6244989
          -6         -17     6244988
          -7         -17     6244987
          -7         -16     6247487
          -8         -16     6247486
          -9         -16     6247485
         -10         -16     6247484
         -10         -17     6244984
          -9         -17     6244985
          -8         -17     6244986
          -8         -18     6242486
          -9         -18     6242485
          -9         -19     6239985
         -10         -19     6239984
         -10         -18     6242484
         -11         -18     6242483
         -12         -18     6242482
         -12         -17     6244982
         -11         -17     6244983
         -11         -16     6247483
         -12         -16     6247482
         -13         -16     6247481
         -13         -17     6244981
         -13         -18     6242481
         -13         -19     6239981
         -13         -20     6237481
         -14         -20     6237480
         -14         -21     6234980
         -14         -22     6232480
         -15         -22     6232479
         -16         -22     6232478
         -17         -22     6232477
         -18         -22     6232476
         -18         -21     6234976
         -18         -20     6237476
         -19         -20     6237475
         -20         -20     6237474
         -21         -20     6237473
         -21         -21     6234973
         -20         -21     6234974
         -19         -21     6234975
         -19         -22     6232475
         -20         -22     6232474
         -21         -22     6232473
         -22         -22     6232472
         -22         -21     6234972
         -22         -20     6237472
         -22         -19     6239972
         -23         -19     6239971
         -24         -19     6239970
         -25         -19     6239969
         -25         -20     6237469
         -26         -20     6237468
         -26         -19     6239968
         -26         -18     6242468
         -26         -17     6244968
         -26         -16     6247468
         -25         -16     6247469
         -25         -17     6244969
         -25         -18     6242469
         -24         -18     6242470
         -23         -18     6242471
         -22         -18     6242472
         -22         -17     6244972
         -22         -16     6247472
         -21         -16     6247473
         -21         -17     6244973
         -21         -18     6242473
         -21         -19     6239973
         -20         -19     6239974
         -19         -19     6239975
         -19         -18     6242475
         -19         -17     6244975
         -19         -16     6247475
         -19         -15     6249975
         -18         -15     6249976
         -18         -16     6247476
         -18         -17     6244976
         -18         -18     6242476
         -18         -19     6239976
         -17         -19     6239977
         -17         -18     6242477
         -16         -18     6242478
         -16         -19     6239978
         -16         -20     6237478
         -17         -20     6237477
         -17         -21     6234977
         -16         -21     6234978
         -15         -21     6234979
         -15         -20     6237479
         -15         -19     6239979
         -14         -19     6239980
         -14         -18     6242480
         -15         -18     6242479
         -15         -17     6244979
         -14         -17     6244980
         -14         -16     6247480
         -15         -16     6247479
         -16         -16     6247478
         -16         -17     6244978
         -17         -17     6244977
         -17         -16     6247477
         -17         -15     6249977
         -16         -15     6249978
         -15         -15     6249979
         -15         -14        2479
         -16         -14        2478
         -16         -13        4978
         -15         -13        4979
         -14         -13        4980
         -14         -14        2480
         -13         -14        2481
         -13         -15     6249981
         -12         -15     6249982
         -11         -15     6249983
         -10         -15     6249984
          -9         -15     6249985
          -9         -14        2485
         -10         -14        2484
         -11         -14        2483
         -12         -14        2482
         -12         -13        4982
         -13         -13        4981
         -13         -12        7481
         -14         -12        7480
         -15         -12        7479
         -15         -11        9979
         -14         -11        9980
         -14         -10       12480
         -15         -10       12479
         -16         -10       12478
         -17         -10       12477
         -18         -10       12476
         -19         -10       12475
         -19          -9       14975
         -18          -9       14976
         -17          -9       14977
         -17          -8       17477
         -17          -7       19977
         -17          -6       22477
         -17          -5       24977
         -18          -5       24976
         -18          -6       22476
         -18          -7       19976
         -18          -8       17476
         -19          -8       17475
         -19          -7       19975
         -20          -7       19974
         -20          -6       22474
         -19          -6       22475
         -19          -5       24975
         -20          -5       24974
         -20          -4       27474
         -19          -4       27475
         -18          -4       27476
         -18          -3       29976
         -19          -3       29975
         -20          -3       29974
         -21          -3       29973
         -21          -2       32473
         -20          -2       32474
         -19          -2       32475
         -19          -1       34975
         -20          -1       34974
         -20           0       37474
         -19           0       37475
         -19           1       39975
         -18           1       39976
         -18           0       37476
         -17           0       37477
         -17           1       39977
         -17           2       42477
         -16           2       42478
         -16           1       39978
         -16           0       37478
         -16          -1       34978
         -15          -1       34979
         -15           0       37479
         -15           1       39979
         -14           1       39980
         -14           0       37480
         -13           0       37481
         -13          -1       34981
         -14          -1       34980
         -14          -2       32480
         -13          -2       32481
         -13          -3       29981
         -14          -3       29980
         -15          -3       29979
         -15          -2       32479
         -16          -2       32478
         -16          -3       29978
         -17          -3       29977
         -17          -4       27477
         -16          -4       27478
         -16          -5       24978
         -16          -6       22478
         -16          -7       19978
         -16          -8       17478
         -16          -9       14978
         -15          -9       14979
         -15          -8       17479
         -15          -7       19979
         -15          -6       22479
         -15          -5       24979
         -15          -4       27479
         -14          -4       27480
         -13          -4       27481
         -12          -4       27482
         -12          -3       29982
         -11          -3       29983
         -11          -2       32483
         -12          -2       32482
         -12          -1       34982
         -12           0       37482
         -11           0       37483
         -11          -1       34983
         -10          -1       34984
         -10           0       37484
          -9           0       37485
          -9          -1       34985
          -9          -2       32485
          -8          -2       32486
          -8          -1       34986
          -8           0       37486
          -7           0       37487
          -6           0       37488
          -6          -1       34988
          -7          -1       34987
          -7          -2       32487
          -6          -2       32488
          -6          -3       29988
          -6          -4       27488
          -6          -5       24988
          -6          -6       22488
          -5          -6       22489
          -4          -6       22490
          -4          -7       19990
          -5          -7       19989
          -5          -8       17489
          -6          -8       17488
          -6          -7       19988
          -7          -7       19987
          -7          -8       17487
          -8          -8       17486
          -8          -7       19986
          -8          -6       22486
          -7          -6       22487
          -7          -5       24987
          -7          -4       27487
          -7          -3       29987
          -8          -3       29986
          -8          -4       27486
          -8          -5       24986
          -9          -5       24985
         -10          -5       24984
         -10          -4       27484
          -9          -4       27485
          -9          -3       29985
         -10          -3       29984
         -10          -2       32484
