 ira =       148458   masha =       112701
           0           0      148458
           0           1      151208
          -1           1      151207
          -2           1      151206
          -3           1      151205
          -3           0      148455
          -3          -1      145705
          -4          -1      145704
          -5          -1      145703
          -6          -1      145702
          -6           0      148452
          -6           1      151202
          -6           2      153952
          -5           2      153953
          -5           1      151203
          -5           0      148453
          -4           0      148454
          -4           1      151204
          -4           2      153954
          -3           2      153955
          -2           2      153956
          -1           2      153957
           0           2      153958
           0           3      156708
           1           3      156709
           2           3      156710
           2           2      153960
           3           2      153961
           3           3      156711
           3           4      159461
           2           4      159460
           2           5      162210
           3           5      162211
           3           6      164961
           2           6      164960
           2           7      167710
           2           8      170460
           3           8      170461
           3           9      173211
           2           9      173210
           1           9      173209
           1           8      170459
           0           8      170458
           0           9      173208
          -1           9      173207
          -1          10      175957
          -2          10      175956
          -2          11      178706
          -1          11      178707
          -1          12      181457
          -2          12      181456
          -3          12      181455
          -3          11      178705
          -4          11      178704
          -5          11      178703
          -6          11      178702
          -7          11      178701
          -7          10      175951
          -8          10      175950
          -8          11      178700
          -9          11      178699
          -9          10      175949
         -10          10      175948
         -10           9      173198
         -11           9      173197
         -12           9      173196
         -12           8      170446
         -12           7      167696
         -12           6      164946
         -11           6      164947
         -10           6      164948
         -10           7      167698
         -11           7      167697
         -11           8      170447
         -10           8      170448
          -9           8      170449
          -9           7      167699
          -9           6      164949
          -8           6      164950
          -8           7      167700
          -8           8      170450
          -8           9      173200
          -7           9      173201
          -7           8      170451
          -6           8      170452
          -5           8      170453
          -4           8      170454
          -4           9      173204
          -5           9      173203
          -6           9      173202
          -6          10      175952
          -5          10      175953
          -4          10      175954
          -3          10      175955
          -3           9      173205
          -3           8      170455
          -3           7      167705
          -3           6      164955
          -4           6      164954
          -4           7      167704
          -5           7      167703
          -6           7      167702
          -7           7      167701
          -7           6      164951
          -7           5      162201
          -6           5      162202
          -6           6      164952
          -5           6      164953
          -5           5      162203
          -4           5      162204
          -3           5      162205
          -2           5      162206
          -2           6      164956
          -2           7      167706
          -2           8      170456
          -1           8      170457
          -1           7      167707
          -1           6      164957
           0           6      164958
           0           7      167708
           1           7      167709
           1           6      164959
           1           5      162209
           1           4      159459
           0           4      159458
           0           5      162208
          -1           5      162207
          -1           4      159457
          -2           4      159456
          -3           4      159455
          -3           3      156705
          -4           3      156704
          -4           4      159454
          -5           4      159453
          -5           3      156703
          -6           3      156702
          -6           4      159452
          -7           4      159451
          -7           3      156701
          -7           2      153951
          -8           2      153950
          -8           3      156700
          -8           4      159450
          -8           5      162200
          -9           5      162199
          -9           4      159449
          -9           3      156699
          -9           2      153949
          -9           1      151199
          -9           0      148449
          -9          -1      145699
          -8          -1      145700
          -8           0      148450
          -8           1      151200
          -7           1      151201
          -7           0      148451
          -7          -1      145701
          -7          -2      142951
          -8          -2      142950
          -9          -2      142949
         -10          -2      142948
         -11          -2      142947
         -12          -2      142946
         -12          -1      145696
         -11          -1      145697
         -10          -1      145698
         -10           0      148448
         -11           0      148447
         -12           0      148446
         -12           1      151196
         -11           1      151197
         -11           2      153947
         -10           2      153948
         -10           3      156698
         -10           4      159448
         -10           5      162198
         -11           5      162197
         -12           5      162196
         -12           4      159446
         -11           4      159447
         -11           3      156697
         -12           3      156696
         -12           2      153946
         -13           2      153945
         -14           2      153944
         -15           2      153943
         -15           1      151193
         -14           1      151194
         -13           1      151195
         -13           0      148445
         -13          -1      145695
         -13          -2      142945
         -14          -2      142944
         -14          -1      145694
         -14           0      148444
         -15           0      148443
         -15          -1      145693
         -16          -1      145692
         -17          -1      145691
         -17           0      148441
         -16           0      148442
         -16           1      151192
         -16           2      153942
         -17           2      153941
         -17           1      151191
         -18           1      151190
         -18           0      148440
         -18          -1      145690
         -18          -2      142940
         -18          -3      140190
         -17          -3      140191
         -16          -3      140192
         -16          -2      142942
         -15          -2      142943
         -15          -3      140193
         -14          -3      140194
         -13          -3      140195
         -13          -4      137445
         -12          -4      137446
         -11          -4      137447
         -11          -5      134697
         -12          -5      134696
         -13          -5      134695
         -14          -5      134694
         -14          -4      137444
         -15          -4      137443
         -15          -5      134693
         -16          -5      134692
         -16          -4      137442
         -17          -4      137441
         -17          -5      134691
         -18          -5      134690
         -19          -5      134689
         -19          -6      131939
         -18          -6      131940
         -17          -6      131941
         -17          -7      129191
         -18          -7      129190
         -19          -7      129189
         -19          -8      126439
         -18          -8      126440
         -17          -8      126441
         -16          -8      126442
         -15          -8      126443
         -15          -7      129193
         -16          -7      129192
         -16          -6      131942
         -15          -6      131943
         -14          -6      131944
         -14          -7      129194
         -14          -8      126444
         -13          -8      126445
         -13          -9      123695
         -14          -9      123694
         -14         -10      120944
         -15         -10      120943
         -16         -10      120942
         -16         -11      118192
         -15         -11      118193
         -15         -12      115443
         -14         -12      115444
         -14         -11      118194
         -13         -11      118195
         -13         -10      120945
         -12         -10      120946
         -12          -9      123696
         -12          -8      126446
         -12          -7      129196
         -13          -7      129195
         -13          -6      131945
         -12          -6      131946
         -11          -6      131947
         -11          -7      129197
         -11          -8      126447
         -10          -8      126448
         -10          -7      129198
         -10          -6      131948
         -10          -5      134698
         -10          -4      137448
          -9          -4      137449
          -9          -5      134699
          -9          -6      131949
          -9          -7      129199
          -9          -8      126449
          -9          -9      123699
         -10          -9      123698
         -11          -9      123697
         -11         -10      120947
         -11         -11      118197
         -10         -11      118198
         -10         -10      120948
          -9         -10      120949
          -8         -10      120950
          -7         -10      120951
          -7          -9      123701
          -8          -9      123700
          -8          -8      126450
          -7          -8      126451
          -7          -7      129201
          -8          -7      129200
          -8          -6      131950
          -7          -6      131951
          -7          -5      134701
          -8          -5      134700
          -8          -4      137450
          -8          -3      140200
          -7          -3      140201
          -7          -4      137451
          -6          -4      137452
          -6          -3      140202
          -5          -3      140203
          -5          -4      137453
          -4          -4      137454
          -4          -3      140204
          -3          -3      140205
          -3          -2      142955
          -2          -2      142956
          -2          -1      145706
          -2           0      148456
          -1           0      148457
          -1          -1      145707
          -1          -2      142957
          -1          -3      140207
          -2          -3      140206
          -2          -4      137456
          -1          -4      137457
           0          -4      137458
           1          -4      137459
           2          -4      137460
           2          -3      140210
           1          -3      140209
           1          -2      142959
           0          -2      142958
           0          -1      145708
           1          -1      145709
           1           0      148459
           1           1      151209
           2           1      151210
           2           0      148460
           3           0      148461
           3           1      151211
           4           1      151212
           4           0      148462
           4          -1      145712
           4          -2      142962
           3          -2      142961
           3          -3      140211
           3          -4      137461
           4          -4      137462
           4          -3      140212
           5          -3      140213
           5          -4      137463
           6          -4      137464
           6          -5      134714
           5          -5      134713
           4          -5      134712
           4          -6      131962
           4          -7      129212
           3          -7      129211
           3          -6      131961
           3          -5      134711
           2          -5      134710
           1          -5      134709
           1          -6      131959
           2          -6      131960
           2          -7      129210
           1          -7      129209
           0          -7      129208
           0          -6      131958
           0          -5      134708
          -1          -5      134707
          -2          -5      134706
          -2          -6      131956
          -3          -6      131955
          -3          -5      134705
          -4          -5      134704
          -5          -5      134703
          -6          -5      134702
          -6          -6      131952
          -5          -6      131953
          -4          -6      131954
          -4          -7      129204
          -4          -8      126454
          -3          -8      126455
          -3          -7      129205
          -2          -7      129206
          -2          -8      126456
          -2          -9      123706
          -3          -9      123705
          -4          -9      123704
          -5          -9      123703
          -5          -8      126453
          -5          -7      129203
          -6          -7      129202
          -6          -8      126452
          -6          -9      123702
          -6         -10      120952
          -5         -10      120953
          -4         -10      120954
          -3         -10      120955
          -2         -10      120956
          -2         -11      118206
          -3         -11      118205
          -4         -11      118204
          -5         -11      118203
          -6         -11      118202
          -7         -11      118201
          -8         -11      118200
          -9         -11      118199
          -9         -12      115449
         -10         -12      115448
         -10         -13      112698
          -9         -13      112699
          -8         -13      112700
          -8         -14      109950
          -7         -14      109951
          -6         -14      109952
          -6         -15      107202
          -6         -16      104452
          -5         -16      104453
          -5         -15      107203
          -5         -14      109953
          -5         -13      112703
          -4         -13      112704
          -4         -14      109954
          -4         -15      107204
          -3         -15      107205
          -3         -16      104455
          -4         -16      104454
          -4         -17      101704
          -3         -17      101705
          -2         -17      101706
          -1         -17      101707
           0         -17      101708
           0         -16      104458
           0         -15      107208
           1         -15      107209
           1         -16      104459
           2         -16      104460
           3         -16      104461
           3         -17      101711
           4         -17      101712
           4         -16      104462
           5         -16      104463
           5         -17      101713
           5         -18       98963
           5         -19       96213
           4         -19       96212
           4         -18       98962
           3         -18       98961
           3         -19       96211
           3         -20       93461
           3         -21       90711
           4         -21       90712
           4         -20       93462
           5         -20       93463
           5         -21       90713
           5         -22       87963
           6         -22       87964
           7         -22       87965
           7         -21       90715
           6         -21       90714
           6         -20       93464
           7         -20       93465
           8         -20       93466
           8         -19       96216
           7         -19       96215
           6         -19       96214
           6         -18       98964
           6         -17      101714
           6         -16      104464
           7         -16      104465
           7         -17      101715
           7         -18       98965
           8         -18       98966
           9         -18       98967
          10         -18       98968
          10         -17      101718
          10         -16      104468
          10         -15      107218
          10         -14      109968
           9         -14      109967
           9         -15      107217
           9         -16      104467
           9         -17      101717
           8         -17      101716
           8         -16      104466
           8         -15      107216
           7         -15      107215
           7         -14      109965
           6         -14      109964
           5         -14      109963
           5         -15      107213
           4         -15      107212
           3         -15      107211
           2         -15      107210
           2         -14      109960
           2         -13      112710
           3         -13      112711
           3         -14      109961
           4         -14      109962
           4         -13      112712
           4         -12      115462
           3         -12      115461
           3         -11      118211
           4         -11      118212
           4         -10      120962
           4          -9      123712
           4          -8      126462
           3          -8      126461
           2          -8      126460
           1          -8      126459
           0          -8      126458
          -1          -8      126457
          -1          -9      123707
           0          -9      123708
           0         -10      120958
          -1         -10      120957
          -1         -11      118207
          -1         -12      115457
           0         -12      115458
           0         -11      118208
           1         -11      118209
           1         -10      120959
           1          -9      123709
           2          -9      123710
           3          -9      123711
           3         -10      120961
           2         -10      120960
           2         -11      118210
           2         -12      115460
           1         -12      115459
           1         -13      112709
           1         -14      109959
           0         -14      109958
           0         -13      112708
          -1         -13      112707
          -1         -14      109957
          -1         -15      107207
          -1         -16      104457
          -2         -16      104456
          -2         -15      107206
          -2         -14      109956
          -2         -13      112706
          -3         -13      112705
          -3         -12      115455
          -4         -12      115454
          -5         -12      115453
          -6         -12      115452
          -6         -13      112702
          -7         -13      112701
