 ira =        77033   masha =        93521
           0           0       77033
          -1           0       77032
          -1          -1       74282
          -1          -2       71532
           0          -2       71533
           0          -1       74283
           1          -1       74284
           1           0       77034
           1           1       79784
           0           1       79783
           0           2       82533
          -1           2       82532
          -1           1       79782
          -2           1       79781
          -2           0       77031
          -2          -1       74281
          -2          -2       71531
          -3          -2       71530
          -3          -1       74280
          -3           0       77030
          -3           1       79780
          -3           2       82530
          -2           2       82531
          -2           3       85281
          -3           3       85280
          -3           4       88030
          -2           4       88031
          -2           5       90781
          -2           6       93531
          -2           7       96281
          -2           8       99031
          -3           8       99030
          -4           8       99029
          -4           9      101779
          -5           9      101778
          -6           9      101777
          -6           8       99027
          -5           8       99028
          -5           7       96278
          -6           7       96277
          -6           6       93527
          -7           6       93526
          -7           7       96276
          -7           8       99026
          -7           9      101776
          -7          10      104526
          -6          10      104527
          -6          11      107277
          -7          11      107276
          -8          11      107275
          -9          11      107274
          -9          10      104524
          -8          10      104525
          -8           9      101775
          -8           8       99025
          -9           8       99024
         -10           8       99023
         -10           7       96273
          -9           7       96274
          -8           7       96275
          -8           6       93525
          -8           5       90775
          -7           5       90776
          -6           5       90777
          -5           5       90778
          -5           6       93528
          -4           6       93529
          -3           6       93530
          -3           5       90780
          -4           5       90779
          -4           4       88029
          -5           4       88028
          -5           3       85278
          -4           3       85279
          -4           2       82529
          -4           1       79779
          -5           1       79778
          -5           2       82528
          -6           2       82527
          -6           1       79777
          -7           1       79776
          -8           1       79775
          -9           1       79774
          -9           2       82524
         -10           2       82523
         -10           1       79773
         -11           1       79772
         -11           0       77022
         -10           0       77023
          -9           0       77024
          -8           0       77025
          -7           0       77026
          -6           0       77027
          -6          -1       74277
          -7          -1       74276
          -7          -2       71526
          -6          -2       71527
          -5          -2       71528
          -5          -1       74278
          -4          -1       74279
          -4          -2       71529
          -4          -3       68779
          -5          -3       68778
          -5          -4       66028
          -4          -4       66029
          -4          -5       63279
          -4          -6       60529
          -3          -6       60530
          -3          -5       63280
          -3          -4       66030
          -3          -3       68780
          -2          -3       68781
          -2          -4       66031
          -1          -4       66032
           0          -4       66033
           0          -5       63283
          -1          -5       63282
          -1          -6       60532
           0          -6       60533
           0          -7       57783
           1          -7       57784
           1          -6       60534
           1          -5       63284
           1          -4       66034
           2          -4       66035
           2          -5       63285
           3          -5       63286
           3          -4       66036
           4          -4       66037
           4          -5       63287
           4          -6       60537
           5          -6       60538
           5          -5       63288
           5          -4       66038
           5          -3       68788
           4          -3       68787
           3          -3       68786
           2          -3       68785
           1          -3       68784
           1          -2       71534
           2          -2       71535
           3          -2       71536
           3          -1       74286
           2          -1       74285
           2           0       77035
           3           0       77036
           4           0       77037
           4           1       79787
           3           1       79786
           3           2       82536
           3           3       85286
           3           4       88036
           2           4       88035
           2           3       85285
           1           3       85284
           0           3       85283
          -1           3       85282
          -1           4       88032
          -1           5       90782
           0           5       90783
           0           4       88033
           1           4       88034
           1           5       90784
           2           5       90785
           2           6       93535
           1           6       93534
           1           7       96284
           1           8       99034
           0           8       99033
           0           7       96283
           0           6       93533
          -1           6       93532
          -1           7       96282
          -1           8       99032
          -1           9      101782
          -2           9      101781
          -3           9      101780
          -3          10      104530
          -4          10      104529
          -5          10      104528
          -5          11      107278
          -4          11      107279
          -4          12      110029
          -5          12      110028
          -6          12      110027
          -6          13      112777
          -5          13      112778
          -5          14      115528
          -6          14      115527
          -6          15      118277
          -6          16      121027
          -5          16      121028
          -5          15      118278
          -4          15      118279
          -3          15      118280
          -3          16      121030
          -4          16      121029
          -4          17      123779
          -5          17      123778
          -6          17      123777
          -7          17      123776
          -7          18      126526
          -7          19      129276
          -8          19      129275
          -8          18      126525
          -8          17      123775
          -9          17      123774
         -10          17      123773
         -10          16      121023
          -9          16      121024
          -9          15      118274
          -8          15      118275
          -8          16      121025
          -7          16      121026
          -7          15      118276
          -7          14      115526
          -7          13      112776
          -7          12      110026
          -8          12      110025
          -9          12      110024
         -10          12      110023
         -11          12      110022
         -12          12      110021
         -12          11      107271
         -12          10      104521
         -13          10      104520
         -14          10      104519
         -14           9      101769
         -14           8       99019
         -14           7       96269
         -14           6       93519
         -13           6       93520
         -13           7       96270
         -12           7       96271
         -12           8       99021
         -13           8       99020
         -13           9      101770
         -12           9      101771
         -11           9      101772
         -11           8       99022
         -11           7       96272
         -11           6       93522
         -11           5       90772
         -11           4       88022
         -10           4       88023
         -10           5       90773
         -10           6       93523
          -9           6       93524
          -9           5       90774
          -9           4       88024
          -8           4       88025
          -7           4       88026
          -6           4       88027
          -6           3       85277
          -7           3       85276
          -7           2       82526
          -8           2       82525
          -8           3       85275
          -9           3       85274
         -10           3       85273
         -11           3       85272
         -11           2       82522
         -12           2       82521
         -13           2       82520
         -13           3       85270
         -12           3       85271
         -12           4       88021
         -13           4       88020
         -14           4       88019
         -14           3       85269
         -14           2       82519
         -15           2       82518
         -16           2       82517
         -16           1       79767
         -16           0       77017
         -15           0       77018
         -15          -1       74268
         -16          -1       74267
         -17          -1       74266
         -17          -2       71516
         -16          -2       71517
         -15          -2       71518
         -14          -2       71519
         -14          -1       74269
         -13          -1       74270
         -13           0       77020
         -13           1       79770
         -12           1       79771
         -12           0       77021
         -12          -1       74271
         -12          -2       71521
         -13          -2       71520
         -13          -3       68770
         -13          -4       66020
         -14          -4       66019
         -14          -3       68769
         -15          -3       68768
         -15          -4       66018
         -15          -5       63268
         -16          -5       63267
         -16          -4       66017
         -16          -3       68767
         -17          -3       68766
         -17          -4       66016
         -17          -5       63266
         -17          -6       60516
         -16          -6       60517
         -15          -6       60518
         -14          -6       60519
         -14          -5       63269
         -13          -5       63270
         -12          -5       63271
         -11          -5       63272
         -11          -4       66022
         -12          -4       66021
         -12          -3       68771
         -11          -3       68772
         -10          -3       68773
         -10          -2       71523
         -11          -2       71522
         -11          -1       74272
         -10          -1       74273
          -9          -1       74274
          -8          -1       74275
          -8          -2       71525
          -9          -2       71524
          -9          -3       68774
          -8          -3       68775
          -7          -3       68776
          -6          -3       68777
          -6          -4       66027
          -7          -4       66026
          -8          -4       66025
          -9          -4       66024
         -10          -4       66023
         -10          -5       63273
         -10          -6       60523
         -11          -6       60522
         -11          -7       57772
         -12          -7       57771
         -12          -6       60521
         -13          -6       60520
         -13          -7       57770
         -14          -7       57769
         -15          -7       57768
         -15          -8       55018
         -15          -9       52268
         -14          -9       52269
         -14          -8       55019
         -13          -8       55020
         -12          -8       55021
         -11          -8       55022
         -10          -8       55023
         -10          -7       57773
          -9          -7       57774
          -9          -6       60524
          -9          -5       63274
          -8          -5       63275
          -7          -5       63276
          -7          -6       60526
          -8          -6       60525
          -8          -7       57775
          -8          -8       55025
          -7          -8       55026
          -7          -7       57776
          -6          -7       57777
          -6          -6       60527
          -6          -5       63277
          -5          -5       63278
          -5          -6       60528
          -5          -7       57778
          -4          -7       57779
          -4          -8       55029
          -4          -9       52279
          -3          -9       52280
          -3         -10       49530
          -3         -11       46780
          -4         -11       46779
          -4         -12       44029
          -3         -12       44030
          -2         -12       44031
          -2         -13       41281
          -3         -13       41280
          -4         -13       41279
          -5         -13       41278
          -6         -13       41277
          -6         -14       38527
          -6         -15       35777
          -6         -16       33027
          -7         -16       33026
          -7         -17       30276
          -8         -17       30275
          -9         -17       30274
          -9         -16       33024
          -8         -16       33025
          -8         -15       35775
          -8         -14       38525
          -7         -14       38526
          -7         -13       41276
          -8         -13       41275
          -8         -12       44025
          -9         -12       44024
          -9         -13       41274
         -10         -13       41273
         -10         -14       38523
          -9         -14       38524
          -9         -15       35774
         -10         -15       35773
         -11         -15       35772
         -11         -16       33022
         -10         -16       33023
         -10         -17       30273
         -11         -17       30272
         -12         -17       30271
         -12         -18       27521
         -11         -18       27522
         -11         -19       24772
         -12         -19       24771
         -13         -19       24770
         -14         -19       24769
         -15         -19       24768
         -15         -18       27518
         -16         -18       27517
         -17         -18       27516
         -18         -18       27515
         -18         -17       30265
         -17         -17       30266
         -16         -17       30267
         -15         -17       30268
         -14         -17       30269
         -14         -16       33019
         -15         -16       33018
         -15         -15       35768
         -14         -15       35769
         -13         -15       35770
         -13         -16       33020
         -12         -16       33021
         -12         -15       35771
         -12         -14       38521
         -13         -14       38520
         -13         -13       41270
         -12         -13       41271
         -12         -12       44021
         -13         -12       44020
         -13         -11       46770
         -12         -11       46771
         -11         -11       46772
         -10         -11       46773
          -9         -11       46774
          -9         -10       49524
         -10         -10       49523
         -10          -9       52273
         -11          -9       52272
         -11         -10       49522
         -12         -10       49521
         -12          -9       52271
         -13          -9       52270
         -13         -10       49520
         -14         -10       49519
         -15         -10       49518
         -15         -11       46768
         -14         -11       46769
         -14         -12       44019
         -14         -13       41269
         -14         -14       38519
         -15         -14       38518
         -16         -14       38517
         -16         -13       41267
         -16         -12       44017
         -17         -12       44016
         -18         -12       44015
         -18         -13       41265
         -17         -13       41266
         -17         -14       38516
         -17         -15       35766
         -16         -15       35767
         -16         -16       33017
         -17         -16       33016
         -18         -16       33015
         -18         -15       35765
         -18         -14       38515
         -19         -14       38514
         -19         -13       41264
         -19         -12       44014
         -19         -11       46764
         -19         -10       49514
         -20         -10       49513
         -20          -9       52263
         -20          -8       55013
         -19          -8       55014
         -19          -9       52264
         -18          -9       52265
         -17          -9       52266
         -17         -10       49516
         -18         -10       49515
         -18         -11       46765
         -17         -11       46766
         -16         -11       46767
         -16         -10       49517
         -16          -9       52267
         -16          -8       55017
         -16          -7       57767
         -17          -7       57766
         -17          -8       55016
         -18          -8       55015
         -18          -7       57765
         -19          -7       57764
         -19          -6       60514
         -18          -6       60515
         -18          -5       63265
         -19          -5       63264
         -19          -4       66014
         -18          -4       66015
         -18          -3       68765
         -18          -2       71515
         -18          -1       74265
         -18           0       77015
         -17           0       77016
         -17           1       79766
         -17           2       82516
         -17           3       85266
         -16           3       85267
         -15           3       85268
         -15           4       88018
         -16           4       88017
         -17           4       88016
         -18           4       88015
         -19           4       88014
         -19           5       90764
         -18           5       90765
         -17           5       90766
         -16           5       90767
         -16           6       93517
         -17           6       93516
         -18           6       93515
         -19           6       93514
         -19           7       96264
         -18           7       96265
         -17           7       96266
         -16           7       96267
         -16           8       99017
         -16           9      101767
         -15           9      101768
         -15           8       99018
         -15           7       96268
         -15           6       93518
         -15           5       90768
         -14           5       90769
         -13           5       90770
         -12           5       90771
         -12           6       93521
