 ira =            3   masha =        56185
           0           0           3
           0           1        3753
          -1           1        3752
          -1           0           2
          -1          -1    14058752
          -1          -2    14055002
           0          -2    14055003
           0          -1    14058753
           1          -1    14058754
           1           0           4
           2           0           5
           2           1        3755
           3           1        3756
           4           1        3757
           4           2        7507
           4           3       11257
           4           4       15007
           5           4       15008
           5           3       11258
           5           2        7508
           5           1        3758
           5           0           8
           6           0           9
           6          -1    14058759
           7          -1    14058760
           7           0          10
           8           0          11
           9           0          12
           9           1        3762
           9           2        7512
          10           2        7513
          10           1        3763
          11           1        3764
          11           0          14
          11          -1    14058764
          11          -2    14055014
          10          -2    14055013
          10          -1    14058763
           9          -1    14058762
           8          -1    14058761
           8          -2    14055011
           7          -2    14055010
           6          -2    14055009
           5          -2    14055008
           5          -3    14051258
           6          -3    14051259
           7          -3    14051260
           8          -3    14051261
           9          -3    14051262
           9          -4    14047512
           9          -5    14043762
          10          -5    14043763
          11          -5    14043764
          11          -6    14040014
          11          -7    14036264
          12          -7    14036265
          12          -8    14032515
          11          -8    14032514
          11          -9    14028764
          10          -9    14028763
          10          -8    14032513
          10          -7    14036263
          10          -6    14040013
           9          -6    14040012
           8          -6    14040011
           8          -5    14043761
           8          -4    14047511
           7          -4    14047510
           7          -5    14043760
           7          -6    14040010
           7          -7    14036260
           8          -7    14036261
           9          -7    14036262
           9          -8    14032512
           8          -8    14032511
           7          -8    14032510
           7          -9    14028760
           8          -9    14028761
           8         -10    14025011
           8         -11    14021261
           7         -11    14021260
           7         -10    14025010
           6         -10    14025009
           6          -9    14028759
           5          -9    14028758
           4          -9    14028757
           4          -8    14032507
           5          -8    14032508
           6          -8    14032509
           6          -7    14036259
           5          -7    14036258
           4          -7    14036257
           3          -7    14036256
           3          -8    14032506
           3          -9    14028756
           2          -9    14028755
           2          -8    14032505
           2          -7    14036255
           2          -6    14040005
           3          -6    14040006
           4          -6    14040007
           4          -5    14043757
           5          -5    14043758
           5          -6    14040008
           6          -6    14040009
           6          -5    14043759
           6          -4    14047509
           5          -4    14047508
           4          -4    14047507
           3          -4    14047506
           3          -5    14043756
           2          -5    14043755
           2          -4    14047505
           2          -3    14051255
           1          -3    14051254
           1          -4    14047504
           0          -4    14047503
          -1          -4    14047502
          -1          -3    14051252
          -2          -3    14051251
          -3          -3    14055000
          -4          -3    14054999
          -4          -4    14051249
          -4          -5    14047499
          -4          -6    14043749
          -3          -6    14043750
          -2          -6    14040001
          -1          -6    14040002
          -1          -5    14043752
           0          -5    14043753
           1          -5    14043754
           1          -6    14040004
           1          -7    14036254
           0          -7    14036253
          -1          -7    14036252
          -1          -8    14032502
          -2          -8    14032501
          -2          -7    14036251
          -3          -7    14040000
          -3          -8    14036250
          -3          -9    14032500
          -2          -9    14028751
          -1          -9    14028752
          -1         -10    14025002
          -1         -11    14021252
          -1         -12    14017502
           0         -12    14017503
           0         -13    14013753
           1         -13    14013754
           1         -12    14017504
           1         -11    14021254
           0         -11    14021253
           0         -10    14025003
           0          -9    14028753
           0          -8    14032503
           1          -8    14032504
           1          -9    14028754
           1         -10    14025004
           2         -10    14025005
           2         -11    14021255
           3         -11    14021256
           4         -11    14021257
           5         -11    14021258
           5         -12    14017508
           4         -12    14017507
           3         -12    14017506
           2         -12    14017505
           2         -13    14013755
           2         -14    14010005
           3         -14    14010006
           3         -13    14013756
           4         -13    14013757
           5         -13    14013758
           5         -14    14010008
           4         -14    14010007
           4         -15    14006257
           4         -16    14002507
           4         -17    13998757
           5         -17    13998758
           6         -17    13998759
           6         -18    13995009
           7         -18    13995010
           7         -19    13991260
           6         -19    13991259
           5         -19    13991258
           5         -20    13987508
           4         -20    13987507
           4         -21    13983757
           3         -21    13983756
           3         -22    13980006
           3         -23    13976256
           2         -23    13976255
           1         -23    13976254
           0         -23    13976253
           0         -24    13972503
           1         -24    13972504
           2         -24    13972505
           2         -25    13968755
           1         -25    13968754
           0         -25    13968753
          -1         -25    13968752
          -2         -25    13968751
          -2         -24    13972501
          -1         -24    13972502
          -1         -23    13976252
          -2         -23    13976251
          -2         -22    13980001
          -3         -22    13983750
          -3         -21    13987500
          -4         -21    13987499
          -5         -21    13987498
          -5         -20    13991248
          -6         -20    13991247
          -7         -20    13991246
          -7         -19    13994996
          -7         -18    13998746
          -7         -17    14002496
          -6         -17    14002497
          -6         -18    13998747
          -5         -18    13998748
          -4         -18    13998749
          -4         -19    13994999
          -4         -20    13991249
          -3         -20    13991250
          -2         -20    13987501
          -2         -19    13991251
          -3         -19    13995000
          -3         -18    13998750
          -3         -17    14002500
          -2         -17    13998751
          -1         -17    13998752
           0         -17    13998753
           0         -16    14002503
          -1         -16    14002502
          -1         -15    14006252
          -2         -15    14006251
          -2         -14    14010001
          -3         -14    14013750
          -3         -15    14010000
          -4         -15    14009999
          -5         -15    14009998
          -5         -14    14013748
          -4         -14    14013749
          -4         -13    14017499
          -5         -13    14017498
          -5         -12    14021248
          -5         -11    14024998
          -6         -11    14024997
          -6         -12    14021247
          -7         -12    14021246
          -7         -13    14017496
          -8         -13    14017495
          -8         -12    14021245
          -9         -12    14021244
          -9         -11    14024994
         -10         -11    14024993
         -10         -12    14021243
         -10         -13    14017493
         -11         -13    14017492
         -11         -12    14021242
         -12         -12    14021241
         -12         -11    14024991
         -12         -10    14028741
         -12          -9    14032491
         -13          -9    14032490
         -14          -9    14032489
         -14          -8    14036239
         -13          -8    14036240
         -13          -7    14039990
         -13          -6    14043740
         -14          -6    14043739
         -14          -5    14047489
         -15          -5    14047488
         -15          -6    14043738
         -16          -6    14043737
         -17          -6    14043736
         -17          -5    14047486
         -16          -5    14047487
         -16          -4    14051237
         -16          -3    14054987
         -16          -2    14058737
         -17          -2    14058736
         -17          -3    14054986
         -17          -4    14051236
         -18          -4    14051235
         -19          -4    14051234
         -19          -3    14054984
         -19          -2    14058734
         -18          -2    14058735
         -18          -1    14062485
         -18           0        3735
         -17           0        3736
         -17          -1    14062486
         -16          -1    14062487
         -16           0        3737
         -16           1        7487
         -17           1        7486
         -17           2       11236
         -16           2       11237
         -16           3       14987
         -17           3       14986
         -17           4       18736
         -16           4       18737
         -16           5       22487
         -17           5       22486
         -18           5       22485
         -19           5       22484
         -19           6       26234
         -19           7       29984
         -20           7       29983
         -21           7       29982
         -21           6       26232
         -21           5       22482
         -22           5       22481
         -22           6       26231
         -23           6       26230
         -23           5       22480
         -24           5       22479
         -24           4       18729
         -24           3       14979
         -23           3       14980
         -23           2       11230
         -24           2       11229
         -25           2       11228
         -25           3       14978
         -25           4       18728
         -25           5       22478
         -26           5       22477
         -27           5       22476
         -28           5       22475
         -28           6       26225
         -27           6       26226
         -27           7       29976
         -27           8       33726
         -28           8       33725
         -28           7       29975
         -29           7       29974
         -30           7       29973
         -31           7       29972
         -31           8       33722
         -32           8       33721
         -32           9       37471
         -31           9       37472
         -31          10       41222
         -31          11       44972
         -32          11       44971
         -32          12       48721
         -33          12       48720
         -34          12       48719
         -34          13       52469
         -35          13       52468
         -35          14       56218
         -36          14       56217
         -36          13       52467
         -37          13       52466
         -37          14       56216
         -38          14       56215
         -39          14       56214
         -40          14       56213
         -40          15       59963
         -41          15       59962
         -42          15       59961
         -42          14       56211
         -43          14       56210
         -43          15       59960
         -44          15       59959
         -45          15       59958
         -46          15       59957
         -46          16       63707
         -47          16       63706
         -47          15       59956
         -48          15       59955
         -49          15       59954
         -49          16       63704
         -50          16       63703
         -51          16       63702
         -51          17       67452
         -51          18       71202
         -51          19       74952
         -51          20       78702
         -51          21       82452
         -50          21       82453
         -50          20       78703
         -50          19       74953
         -50          18       71203
         -49          18       71204
         -49          19       74954
         -49          20       78704
         -49          21       82454
         -49          22       86204
         -48          22       86205
         -48          21       82455
         -48          20       78705
         -48          19       74955
         -47          19       74956
         -46          19       74957
         -45          19       74958
         -44          19       74959
         -43          19       74960
         -42          19       74961
         -42          18       71211
         -43          18       71210
         -43          17       67460
         -42          17       67461
         -42          16       63711
         -41          16       63712
         -41          17       67462
         -41          18       71212
         -41          19       74962
         -41          20       78712
         -42          20       78711
         -43          20       78710
         -43          21       82460
         -43          22       86210
         -43          23       89960
         -42          23       89961
         -42          22       86211
         -42          21       82461
         -41          21       82462
         -41          22       86212
         -40          22       86213
         -39          22       86214
         -39          23       89964
         -40          23       89963
         -41          23       89962
         -41          24       93712
         -42          24       93711
         -42          25       97461
         -41          25       97462
         -41          26      101212
         -41          27      104962
         -42          27      104961
         -43          27      104960
         -43          28      108710
         -42          28      108711
         -42          29      112461
         -42          30      116211
         -43          30      116210
         -44          30      116209
         -44          29      112459
         -44          28      108709
         -44          27      104959
         -44          26      101209
         -44          25       97459
         -45          25       97458
         -45          26      101208
         -45          27      104958
         -45          28      108708
         -46          28      108707
         -47          28      108706
         -47          29      112456
         -47          30      116206
         -46          30      116207
         -46          31      119957
         -47          31      119956
         -48          31      119955
         -49          31      119954
         -49          30      116204
         -49          29      112454
         -50          29      112453
         -51          29      112452
         -51          30      116202
         -50          30      116203
         -50          31      119953
         -51          31      119952
         -51          32      123702
         -52          32      123701
         -52          33      127451
         -52          34      131201
         -51          34      131202
         -51          33      127452
         -50          33      127453
         -50          34      131203
         -50          35      134953
         -49          35      134954
         -48          35      134955
         -47          35      134956
         -47          34      131206
         -46          34      131207
         -46          35      134957
         -46          36      138707
         -46          37      142457
         -45          37      142458
         -45          38      146208
         -45          39      149958
         -44          39      149959
         -44          40      153709
         -45          40      153708
         -46          40      153707
         -47          40      153706
         -48          40      153705
         -48          41      157455
         -49          41      157454
         -49          40      153704
         -50          40      153703
         -50          39      149953
         -50          38      146203
         -49          38      146204
         -48          38      146205
         -48          39      149955
         -47          39      149956
         -46          39      149957
         -46          38      146207
         -47          38      146206
         -47          37      142456
         -48          37      142455
         -49          37      142454
         -50          37      142453
         -50          36      138703
         -51          36      138702
         -52          36      138701
         -53          36      138700
         -53          37      142450
         -53          38      146200
         -52          38      146201
         -52          37      142451
         -51          37      142452
         -51          38      146202
         -51          39      149952
         -51          40      153702
         -51          41      157452
         -50          41      157453
         -50          42      161203
         -51          42      161202
         -52          42      161201
         -52          41      157451
         -53          41      157450
         -53          42      161200
         -53          43      164950
         -54          43      164949
         -54          42      161199
         -54          41      157449
         -55          41      157448
         -55          40      153698
         -54          40      153699
         -53          40      153700
         -53          39      149950
         -54          39      149949
         -54          38      146199
         -55          38      146198
         -55          39      149948
         -56          39      149947
         -57          39      149946
         -57          40      153696
         -58          40      153695
         -58          39      149945
         -58          38      146195
         -59          38      146194
         -59          39      149944
         -59          40      153694
         -59          41      157444
         -59          42      161194
         -60          42      161193
         -60          41      157443
         -61          41      157442
         -61          42      161192
         -62          42      161191
         -62          43      164941
         -63          43      164940
         -63          42      161190
         -63          41      157440
         -63          40      153690
         -64          40      153689
         -64          41      157439
         -65          41      157438
         -65          40      153688
         -65          39      149938
         -66          39      149937
         -66          38      146187
         -67          38      146186
         -67          37      142436
         -68          37      142435
         -68          36      138685
         -67          36      138686
         -66          36      138687
         -66          35      134937
         -65          35      134938
         -65          34      131188
         -65          33      127438
         -64          33      127439
         -64          32      123689
         -64          31      119939
         -63          31      119940
         -63          30      116190
         -63          29      112440
         -63          28      108690
         -63          27      104940
         -64          27      104939
         -64          26      101189
         -64          25       97439
         -65          25       97438
         -65          26      101188
         -66          26      101187
         -67          26      101186
         -67          25       97436
         -67          24       93686
         -67          23       89936
         -66          23       89937
         -65          23       89938
         -65          22       86188
         -65          21       82438
         -64          21       82439
         -64          22       86189
         -64          23       89939
         -63          23       89940
         -63          24       93690
         -63          25       97440
         -63          26      101190
         -62          26      101191
         -62          27      104941
         -62          28      108691
         -61          28      108692
         -60          28      108693
         -60          27      104943
         -61          27      104942
         -61          26      101192
         -61          25       97442
         -62          25       97441
         -62          24       93691
         -62          23       89941
         -61          23       89942
         -61          22       86192
         -61          21       82442
         -60          21       82443
         -60          22       86193
         -59          22       86194
         -59          23       89944
         -58          23       89945
         -57          23       89946
         -57          22       86196
         -58          22       86195
         -58          21       82445
         -59          21       82444
         -59          20       78694
         -58          20       78695
         -57          20       78696
         -57          19       74946
         -58          19       74945
         -58          18       71195
         -57          18       71196
         -56          18       71197
         -56          17       67447
         -56          16       63697
         -56          15       59947
         -57          15       59946
         -57          16       63696
         -57          17       67446
         -58          17       67445
         -59          17       67444
         -59          18       71194
         -59          19       74944
         -60          19       74943
         -61          19       74942
         -61          18       71192
         -60          18       71193
         -60          17       67443
         -60          16       63693
         -59          16       63694
         -58          16       63695
         -58          15       59945
         -58          14       56195
         -57          14       56196
         -56          14       56197
         -56          13       52447
         -57          13       52446
         -58          13       52445
         -58          12       48695
         -59          12       48694
         -59          13       52444
         -60          13       52443
         -60          14       56193
         -59          14       56194
         -59          15       59944
         -60          15       59943
         -61          15       59942
         -61          14       56192
         -61          13       52442
         -62          13       52441
         -62          12       48691
         -62          11       44941
         -63          11       44940
         -64          11       44939
         -64          12       48689
         -63          12       48690
         -63          13       52440
         -63          14       56190
         -62          14       56191
         -62          15       59941
         -63          15       59940
         -64          15       59939
         -64          16       63689
         -63          16       63690
         -62          16       63691
         -62          17       67441
         -62          18       71191
         -62          19       74941
         -62          20       78691
         -62          21       82441
         -62          22       86191
         -63          22       86190
         -63          21       82440
         -63          20       78690
         -64          20       78689
         -65          20       78688
         -65          19       74938
         -66          19       74937
         -66          20       78687
         -67          20       78686
         -67          19       74936
         -67          18       71186
         -67          17       67436
         -66          17       67437
         -66          16       63687
         -65          16       63688
         -65          15       59938
         -65          14       56188
         -64          14       56189
         -64          13       52439
         -65          13       52438
         -65          12       48688
         -65          11       44938
         -65          10       41188
         -66          10       41187
         -67          10       41186
         -67           9       37436
         -67           8       33686
         -67           7       29936
         -68           7       29935
         -69           7       29934
         -70           7       29933
         -71           7       29932
         -71           8       33682
         -70           8       33683
         -70           9       37433
         -71           9       37432
         -71          10       41182
         -71          11       44932
         -70          11       44933
         -70          12       48683
         -70          13       52433
         -70          14       56183
         -70          15       59933
         -70          16       63683
         -70          17       67433
         -69          17       67434
         -69          16       63684
         -69          15       59934
         -69          14       56184
         -69          13       52434
         -68          13       52435
         -68          14       56185
