 ira =        71989   masha =        49511
           0           0       71989
           0          -1       67489
           1          -1       67490
           1          -2       62990
           1          -3       58490
           1          -4       53990
           1          -5       49490
           0          -5       49489
           0          -6       44989
           1          -6       44990
           1          -7       40490
           1          -8       35990
           1          -9       31490
           1         -10       26990
           0         -10       26989
           0         -11       22489
          -1         -11       22488
          -2         -11       22487
          -3         -11       22486
          -4         -11       22485
          -4         -12       17985
          -5         -12       17984
          -5         -13       13484
          -5         -14        8984
          -4         -14        8985
          -4         -13       13485
          -3         -13       13486
          -3         -12       17986
          -2         -12       17987
          -2         -13       13487
          -1         -13       13488
           0         -13       13489
           0         -12       17989
           1         -12       17990
           1         -13       13490
           2         -13       13491
           2         -12       17991
           2         -11       22491
           3         -11       22492
           3         -12       17992
           4         -12       17993
           5         -12       17994
           5         -11       22494
           5         -10       26994
           5          -9       31494
           5          -8       35994
           4          -8       35993
           4          -9       31493
           4         -10       26993
           3         -10       26992
           2         -10       26991
           2          -9       31491
           3          -9       31492
           3          -8       35992
           2          -8       35991
           2          -7       40491
           3          -7       40492
           4          -7       40493
           5          -7       40494
           6          -7       40495
           6          -6       44995
           5          -6       44994
           4          -6       44993
           3          -6       44992
           3          -5       49492
           4          -5       49493
           5          -5       49494
           5          -4       53994
           4          -4       53993
           4          -3       58493
           4          -2       62993
           5          -2       62994
           5          -3       58494
           6          -3       58495
           6          -2       62995
           6          -1       67495
           7          -1       67496
           7           0       71996
           8           0       71997
           9           0       71998
           9           1       76498
          10           1       76499
          10           2       80999
           9           2       80998
           8           2       80997
           8           3       85497
           8           4       89997
           9           4       89998
          10           4       89999
          10           3       85499
          11           3       85500
          11           2       81000
          11           1       76500
          11           0       72000
          10           0       71999
          10          -1       67499
           9          -1       67498
           8          -1       67497
           8          -2       62997
           7          -2       62996
           7          -3       58496
           8          -3       58497
           8          -4       53997
           7          -4       53996
           6          -4       53995
           6          -5       49495
           7          -5       49496
           7          -6       44996
           7          -7       40496
           8          -7       40497
           9          -7       40498
           9          -6       44998
           8          -6       44997
           8          -5       49497
           9          -5       49498
           9          -4       53998
          10          -4       53999
          10          -5       49499
          10          -6       44999
          10          -7       40499
          11          -7       40500
          11          -6       45000
          11          -5       49500
          11          -4       54000
          12          -4       49501
          12          -5       45001
          13          -5       45002
          13          -6       40502
          13          -7       36002
          13          -8       31502
          14          -8       31503
          14          -7       36003
          14          -6       40503
          15          -6       40504
          15          -5       45004
          16          -5       45005
          16          -4       49505
          15          -4       49504
          14          -4       49503
          13          -4       49502
          13          -3       54002
          14          -3       54003
          15          -3       54004
          16          -3       54005
          16          -2       58505
          15          -2       58504
          14          -2       58503
          13          -2       58502
          12          -2       58501
          12          -3       54001
          11          -3       58500
          10          -3       58499
           9          -3       58498
           9          -2       62998
          10          -2       62999
          11          -2       63000
          11          -1       67500
          12          -1       63001
          12           0       67501
          13           0       67502
          13          -1       63002
          14          -1       63003
          14           0       67503
          14           1       72003
          15           1       72004
          16           1       72005
          16           0       67505
          15           0       67504
          15          -1       63004
          16          -1       63005
          17          -1       63006
          17           0       67506
          17           1       72006
          18           1       72007
          18           0       67507
          18          -1       63007
          19          -1       63008
          19           0       67508
          19           1       72008
          20           1       72009
          20           0       67509
          20          -1       63009
          21          -1       63010
          21           0       67510
          21           1       72010
          21           2       76510
          21           3       81010
          21           4       85510
          20           4       85509
          20           3       81009
          20           2       76509
          19           2       76508
          18           2       76507
          18           3       81007
          18           4       85507
          18           5       90007
          17           5       90006
          17           4       85506
          16           4       85505
          16           5       90005
          15           5       90004
          14           5       90003
          13           5       90002
          13           4       85502
          13           3       81002
          14           3       81003
          14           4       85503
          15           4       85504
          15           3       81004
          15           2       76504
          14           2       76503
          13           2       76502
          13           1       72002
          12           1       72001
          12           2       76501
          12           3       81001
          12           4       85501
          11           4       90000
          11           5       94500
          10           5       94499
           9           5       94498
           9           6       98998
          10           6       98999
          11           6       99000
          11           7      103500
          11           8      108000
          12           8      103501
          12           7       99001
          13           7       99002
          13           6       94502
          14           6       94503
          15           6       94504
          16           6       94505
          16           7       99005
          15           7       99004
          14           7       99003
          14           8      103503
          15           8      103504
          16           8      103505
          17           8      103506
          17           9      108006
          18           9      108007
          18          10      112507
          19          10      112508
          19           9      108008
          19           8      103508
          18           8      103507
          18           7       99007
          17           7       99006
          17           6       94506
          18           6       94507
          19           6       94508
          20           6       94509
          20           5       90009
          21           5       90010
          21           6       94510
          21           7       99010
          20           7       99009
          20           8      103509
          20           9      108009
          21           9      108010
          21           8      103510
          22           8      103511
          23           8      103512
          23           7       99012
          22           7       99011
          22           6       94511
          23           6       94512
          23           5       90012
          23           4       85512
          22           4       85511
          22           3       81011
          22           2       76511
          22           1       72011
          22           0       67511
          22          -1       63011
          23          -1       63012
          23          -2       58512
          22          -2       58511
          21          -2       58510
          21          -3       54010
          20          -3       54009
          20          -2       58509
          19          -2       58508
          18          -2       58507
          17          -2       58506
          17          -3       54006
          18          -3       54007
          19          -3       54008
          19          -4       49508
          18          -4       49507
          17          -4       49506
          17          -5       45006
          17          -6       40506
          16          -6       40505
          16          -7       36005
          15          -7       36004
          15          -8       31504
          16          -8       31505
          16          -9       27005
          15          -9       27004
          14          -9       27003
          13          -9       27002
          13         -10       22502
          12         -10       22501
          12          -9       27001
          12          -8       31501
          11          -8       36000
          11          -9       31500
          11         -10       27000
          10         -10       26999
           9         -10       26998
           9          -9       31498
          10          -9       31499
          10          -8       35999
           9          -8       35998
           8          -8       35997
           7          -8       35996
           6          -8       35995
           6          -9       31495
           6         -10       26995
           6         -11       22495
           6         -12       17995
           7         -12       17996
           7         -11       22496
           8         -11       22497
           9         -11       22498
           9         -12       17998
           8         -12       17997
           8         -13       13497
           7         -13       13496
           7         -14        8996
           6         -14        8995
           6         -15        4495
           7         -15        4496
           7         -16    20249996
           6         -16    20249995
           6         -17    20245495
           7         -17    20245496
           8         -17    20245497
           8         -18    20240997
           7         -18    20240996
           6         -18    20240995
           5         -18    20240994
           5         -19    20236494
           5         -20    20231994
           5         -21    20227494
           5         -22    20222994
           6         -22    20222995
           6         -21    20227495
           6         -20    20231995
           7         -20    20231996
           7         -19    20236496
           8         -19    20236497
           9         -19    20236498
          10         -19    20236499
          10         -20    20231999
           9         -20    20231998
           8         -20    20231997
           8         -21    20227497
           7         -21    20227496
           7         -22    20222996
           7         -23    20218496
           6         -23    20218495
           6         -24    20213995
           7         -24    20213996
           8         -24    20213997
           8         -23    20218497
           8         -22    20222997
           9         -22    20222998
           9         -23    20218498
          10         -23    20218499
          10         -22    20222999
          10         -21    20227499
          11         -21    20227500
          12         -21    20223001
          13         -21    20223002
          13         -20    20227502
          12         -20    20227501
          11         -20    20232000
          11         -19    20236500
          12         -19    20232001
          13         -19    20232002
          13         -18    20236502
          12         -18    20236501
          11         -18    20241000
          10         -18    20240999
           9         -18    20240998
           9         -17    20245498
          10         -17    20245499
          11         -17    20245500
          11         -16    20250000
          11         -15        4500
          12         -15           1
          12         -14        4501
          11         -14        9000
          10         -14        8999
          10         -15        4499
          10         -16    20249999
           9         -16    20249998
           8         -16    20249997
           8         -15        4497
           8         -14        8997
           9         -14        8998
           9         -13       13498
          10         -13       13499
          10         -12       17999
          10         -11       22499
          11         -11       22500
          11         -12       18000
          11         -13       13500
          12         -13        9001
          12         -12       13501
          12         -11       18001
          13         -11       18002
          13         -12       13502
          13         -13        9002
          14         -13        9003
          14         -12       13503
          14         -11       18003
          14         -10       22503
          15         -10       22504
          15         -11       18004
          15         -12       13504
          15         -13        9004
          16         -13        9005
          16         -12       13505
          16         -11       18005
          16         -10       22505
          17         -10       22506
          18         -10       22507
          18         -11       18007
          17         -11       18006
          17         -12       13506
          17         -13        9006
          18         -13        9007
          18         -14        4507
          19         -14        4508
          19         -15           8
          18         -15           7
          18         -16    20245507
          17         -16    20245506
          17         -15           6
          17         -14        4506
          16         -14        4505
          16         -15           5
          16         -16    20245505
          16         -17    20241005
          16         -18    20236505
          16         -19    20232005
          16         -20    20227505
          15         -20    20227504
          15         -19    20232004
          15         -18    20236504
          15         -17    20241004
          15         -16    20245504
          14         -16    20245503
          14         -15           3
          15         -15           4
          15         -14        4504
          14         -14        4503
          13         -14        4502
          13         -15           2
          13         -16    20245502
          12         -16    20245501
          12         -17    20241001
          13         -17    20241002
          14         -17    20241003
          14         -18    20236503
          14         -19    20232003
          14         -20    20227503
          14         -21    20223003
          15         -21    20223004
          15         -22    20218504
          14         -22    20218503
          13         -22    20218502
          12         -22    20218501
          11         -22    20223000
          11         -23    20218500
          12         -23    20214001
          12         -24    20209501
          11         -24    20214000
          11         -25    20209500
          12         -25    20205001
          12         -26    20200501
          13         -26    20200502
          14         -26    20200503
          15         -26    20200504
          16         -26    20200505
          17         -26    20200506
          17         -27    20196006
          17         -28    20191506
          17         -29    20187006
          16         -29    20187005
          16         -28    20191505
          16         -27    20196005
          15         -27    20196004
          14         -27    20196003
          13         -27    20196002
          12         -27    20196001
          12         -28    20191501
          13         -28    20191502
          14         -28    20191503
          15         -28    20191504
          15         -29    20187004
          14         -29    20187003
          13         -29    20187002
          12         -29    20187001
          12         -30    20182501
          13         -30    20182502
          14         -30    20182503
          14         -31    20178003
          13         -31    20178002
          13         -32    20173502
          12         -32    20173501
          12         -33    20169001
          13         -33    20169002
          14         -33    20169003
          14         -32    20173503
          15         -32    20173504
          15         -33    20169004
          16         -33    20169005
          17         -33    20169006
          18         -33    20169007
          18         -32    20173507
          18         -31    20178007
          17         -31    20178006
          17         -32    20173506
          16         -32    20173505
          16         -31    20178005
          15         -31    20178004
          15         -30    20182504
          16         -30    20182505
          17         -30    20182506
          18         -30    20182507
          18         -29    20187007
          18         -28    20191507
          18         -27    20196007
          19         -27    20196008
          20         -27    20196009
          20         -26    20200509
          19         -26    20200508
          18         -26    20200507
          18         -25    20205007
          17         -25    20205006
          17         -24    20209506
          16         -24    20209505
          16         -23    20214005
          17         -23    20214006
          17         -22    20218506
          16         -22    20218505
          16         -21    20223005
          17         -21    20223006
          17         -20    20227506
          17         -19    20232006
          17         -18    20236506
          17         -17    20241006
          18         -17    20241007
          19         -17    20241008
          19         -16    20245508
          20         -16    20245509
          21         -16    20245510
          21         -17    20241010
          20         -17    20241009
          20         -18    20236509
          20         -19    20232009
          20         -20    20227509
          19         -20    20227508
          19         -19    20232008
          19         -18    20236508
          18         -18    20236507
          18         -19    20232007
          18         -20    20227507
          18         -21    20223007
          18         -22    20218507
          18         -23    20214007
          18         -24    20209507
          19         -24    20209508
          20         -24    20209509
          20         -23    20214009
          21         -23    20214010
          22         -23    20214011
          22         -24    20209511
          23         -24    20209512
          23         -23    20214012
          23         -22    20218512
          22         -22    20218511
          22         -21    20223011
          22         -20    20227511
          22         -19    20232011
          21         -19    20232010
          21         -18    20236510
          22         -18    20236511
          22         -17    20241011
          23         -17    20241012
          23         -18    20236512
          23         -19    20232012
          23         -20    20227512
          23         -21    20223012
          24         -21    20223013
          25         -21    20223014
          26         -21    20223015
          26         -22    20218515
          27         -22    20218516
          27         -23    20214016
          28         -23    20214017
          29         -23    20214018
          30         -23    20214019
          31         -23    20214020
          31         -24    20209520
          30         -24    20209519
          29         -24    20209518
          29         -25    20205018
          30         -25    20205019
          31         -25    20205020
          31         -26    20200520
          31         -27    20196020
          32         -27    20196021
          32         -26    20200521
          33         -26    20200522
          33         -27    20196022
          34         -27    20196023
          34         -26    20200523
          35         -26    20200524
          35         -27    20196024
          36         -27    20196025
          36         -26    20200525
          36         -25    20205025
          36         -24    20209525
          35         -24    20209524
          35         -25    20205024
          34         -25    20205023
          33         -25    20205022
          32         -25    20205021
          32         -24    20209521
          33         -24    20209522
          33         -23    20214022
          32         -23    20214021
          32         -22    20218521
          32         -21    20223021
          32         -20    20227521
          33         -20    20227522
          34         -20    20227523
          34         -19    20232023
          35         -19    20232024
          35         -20    20227524
          36         -20    20227525
          36         -19    20232025
          36         -18    20236525
          35         -18    20236524
          34         -18    20236523
          34         -17    20241023
          35         -17    20241024
          35         -16    20245524
          34         -16    20245523
          33         -16    20245522
          33         -17    20241022
          33         -18    20236522
          33         -19    20232022
          32         -19    20232021
          32         -18    20236521
          31         -18    20236520
          30         -18    20236519
          29         -18    20236518
          29         -19    20232018
          29         -20    20227518
          30         -20    20227519
          30         -21    20223019
          31         -21    20223020
          31         -22    20218520
          30         -22    20218519
          29         -22    20218518
          28         -22    20218517
          28         -21    20223017
          27         -21    20223016
          27         -20    20227516
          28         -20    20227517
          28         -19    20232017
          27         -19    20232016
          26         -19    20232015
          26         -20    20227515
          25         -20    20227514
          25         -19    20232014
          24         -19    20232013
          24         -18    20236513
          24         -17    20241013
          25         -17    20241014
          25         -18    20236514
          26         -18    20236515
          26         -17    20241015
          27         -17    20241016
          27         -18    20236516
          28         -18    20236517
          28         -17    20241017
          28         -16    20245517
          28         -15          17
          27         -15          16
          27         -16    20245516
          26         -16    20245515
          26         -15          15
          26         -14        4515
          27         -14        4516
          27         -13        9016
          27         -12       13516
          28         -12       13517
          29         -12       13518
          29         -13        9018
          28         -13        9017
          28         -14        4517
          29         -14        4518
          29         -15          18
          29         -16    20245518
          29         -17    20241018
          30         -17    20241019
          31         -17    20241020
          32         -17    20241021
          32         -16    20245521
          31         -16    20245520
          30         -16    20245519
          30         -15          19
          31         -15          20
          32         -15          21
          32         -14        4521
          33         -14        4522
          33         -15          22
          34         -15          23
          35         -15          24
          35         -14        4524
          34         -14        4523
          34         -13        9023
          35         -13        9024
          36         -13        9025
          37         -13        9026
          37         -12       13526
          36         -12       13525
          35         -12       13524
          35         -11       18024
          34         -11       18023
          34         -12       13523
          33         -12       13522
          33         -11       18022
          33         -10       22522
          33          -9       27022
          32          -9       27021
          32         -10       22521
          32         -11       18021
          32         -12       13521
          32         -13        9021
          31         -13        9020
          31         -12       13520
          31         -11       18020
          30         -11       18019
          29         -11       18018
          28         -11       18017
          27         -11       18016
          26         -11       18015
          25         -11       18014
          25         -12       13514
          26         -12       13515
          26         -13        9015
          25         -13        9014
          25         -14        4514
          24         -14        4513
          24         -15          13
          25         -15          14
          25         -16    20245514
          24         -16    20245513
          23         -16    20245512
          22         -16    20245511
          22         -15          11
          23         -15          12
          23         -14        4512
          23         -13        9012
          24         -13        9013
          24         -12       13513
          24         -11       18013
          23         -11       18012
          23         -12       13512
          22         -12       13511
          22         -13        9011
          22         -14        4511
          21         -14        4510
          21         -13        9010
          21         -12       13510
          20         -12       13509
          20         -13        9009
          19         -13        9008
          19         -12       13508
          19         -11       18008
          19         -10       22508
          20         -10       22509
          20         -11       18009
          21         -11       18010
          22         -11       18011
          22         -10       22511
          21         -10       22510
          21          -9       27010
          20          -9       27009
          20          -8       31509
          20          -7       36009
          20          -6       40509
          19          -6       40508
          19          -7       36008
          19          -8       31508
          19          -9       27008
          18          -9       27007
          18          -8       31507
          17          -8       31506
          17          -7       36006
          18          -7       36007
          18          -6       40507
          18          -5       45007
          19          -5       45008
          20          -5       45009
          20          -4       49509
          21          -4       49510
          21          -5       45010
          21          -6       40510
          21          -7       36010
          22          -7       36011
          22          -8       31511
          22          -9       27011
          23          -9       27012
          23          -8       31512
          24          -8       31513
          25          -8       31514
          25          -9       27014
          24          -9       27013
          24         -10       22513
          25         -10       22514
          26         -10       22515
          26          -9       27015
          26          -8       31515
          26          -7       36015
          26          -6       40515
          27          -6       40516
          27          -7       36016
          27          -8       31516
          27          -9       27016
          27         -10       22516
          28         -10       22517
          29         -10       22518
          30         -10       22519
          31         -10       22520
          31          -9       27020
          30          -9       27019
          29          -9       27018
          28          -9       27017
          28          -8       31517
          28          -7       36017
          29          -7       36018
          30          -7       36019
          31          -7       36020
          31          -6       40520
          30          -6       40519
          29          -6       40518
          28          -6       40517
          28          -5       45017
          29          -5       45018
          29          -4       49518
          28          -4       49517
          28          -3       54017
          28          -2       58517
          27          -2       58516
          27          -3       54016
          26          -3       54015
          26          -2       58515
          25          -2       58514
          25          -1       63014
          26          -1       63015
          27          -1       63016
          28          -1       63017
          29          -1       63018
          29           0       67518
          29           1       72018
          29           2       76518
          28           2       76517
          27           2       76516
          27           1       72016
          28           1       72017
          28           0       67517
          27           0       67516
          26           0       67515
          25           0       67514
          24           0       67513
          24          -1       63013
          24          -2       58513
          24          -3       54013
          25          -3       54014
          25          -4       49514
          24          -4       49513
          24          -5       45013
          24          -6       40513
          25          -6       40514
          25          -7       36014
          24          -7       36013
          23          -7       36012
          23          -6       40512
          22          -6       40511
          22          -5       45011
          22          -4       49511
