 ira =         2511   masha =      6235014
           0           0        2511
           0           1        5011
           1           1        5012
           1           0        2512
           1          -1          12
           0          -1          11
           0          -2     6247511
           0          -3     6245011
           1          -3     6245012
           1          -2     6247512
           2          -2     6247513
           2          -3     6245013
           2          -4     6242513
           2          -5     6240013
           1          -5     6240012
           1          -6     6237512
           0          -6     6237511
           0          -5     6240011
           0          -4     6242511
          -1          -4     6242510
          -1          -5     6240010
          -1          -6     6237510
          -2          -6     6237509
          -2          -5     6240009
          -2          -4     6242509
          -3          -4     6242508
          -4          -4     6242507
          -4          -3     6245007
          -4          -2     6247507
          -5          -2     6247506
          -5          -1           6
          -6          -1           5
          -6          -2     6247505
          -6          -3     6245005
          -5          -3     6245006
          -5          -4     6242506
          -5          -5     6240006
          -4          -5     6240007
          -3          -5     6240008
          -3          -6     6237508
          -4          -6     6237507
          -5          -6     6237506
          -6          -6     6237505
          -6          -5     6240005
          -6          -4     6242505
          -7          -4     6242504
          -7          -5     6240004
          -8          -5     6240003
          -9          -5     6240002
          -9          -6     6237502
          -8          -6     6237503
          -7          -6     6237504
          -7          -7     6235004
          -7          -8     6232504
          -6          -8     6232505
          -6          -7     6235005
          -5          -7     6235006
          -4          -7     6235007
          -3          -7     6235008
          -3          -8     6232508
          -3          -9     6230008
          -3         -10     6227508
          -3         -11     6225008
          -3         -12     6222508
          -4         -12     6222507
          -4         -11     6225007
          -5         -11     6225006
          -6         -11     6225005
          -7         -11     6225004
          -7         -10     6227504
          -6         -10     6227505
          -5         -10     6227506
          -4         -10     6227507
          -4          -9     6230007
          -4          -8     6232507
          -5          -8     6232506
          -5          -9     6230006
          -6          -9     6230005
          -7          -9     6230004
          -8          -9     6230003
          -9          -9     6230002
          -9          -8     6232502
          -8          -8     6232503
          -8          -7     6235003
          -9          -7     6235002
         -10          -7     6235001
         -10          -8     6232501
         -10          -9     6230001
         -10         -10     6227501
          -9         -10     6227502
          -8         -10     6227503
          -8         -11     6225003
          -8         -12     6222503
          -8         -13     6220003
          -9         -13     6220002
          -9         -12     6222502
          -9         -11     6225002
         -10         -11     6225001
         -11         -11     6227500
         -11         -10     6230000
         -12         -10     6229999
         -12         -11     6227499
         -12         -12     6224999
         -11         -12     6225000
         -10         -12     6222501
         -10         -13     6220001
         -11         -13     6222500
         -12         -13     6222499
         -13         -13     6222498
         -13         -12     6224998
         -13         -11     6227498
         -13         -10     6229998
         -14         -10     6229997
         -15         -10     6229996
         -15          -9     6232496
         -16          -9     6232495
         -16         -10     6229995
         -17         -10     6229994
         -18         -10     6229993
         -19         -10     6229992
         -20         -10     6229991
         -20         -11     6227491
         -19         -11     6227492
         -18         -11     6227493
         -17         -11     6227494
         -16         -11     6227495
         -16         -12     6224995
         -15         -12     6224996
         -15         -11     6227496
         -14         -11     6227497
         -14         -12     6224997
         -14         -13     6222497
         -15         -13     6222496
         -16         -13     6222495
         -17         -13     6222494
         -17         -12     6224994
         -18         -12     6224993
         -19         -12     6224992
         -20         -12     6224991
         -21         -12     6224990
         -21         -11     6227490
         -21         -10     6229990
         -21          -9     6232490
         -21          -8     6234990
         -20          -8     6234991
         -20          -9     6232491
         -19          -9     6232492
         -19          -8     6234992
         -18          -8     6234993
         -18          -7     6237493
         -19          -7     6237492
         -19          -6     6239992
         -18          -6     6239993
         -17          -6     6239994
         -17          -7     6237494
         -17          -8     6234994
         -16          -8     6234995
         -15          -8     6234996
         -14          -8     6234997
         -14          -7     6237497
         -15          -7     6237496
         -16          -7     6237495
         -16          -6     6239995
         -16          -5     6242495
         -16          -4     6244995
         -15          -4     6244996
         -14          -4     6244997
         -14          -3     6247497
         -13          -3     6247498
         -13          -4     6244998
         -13          -5     6242498
         -14          -5     6242497
         -15          -5     6242496
         -15          -6     6239996
         -14          -6     6239997
         -13          -6     6239998
         -13          -7     6237498
         -13          -8     6234998
         -12          -8     6234999
         -12          -9     6232499
         -11          -9     6232500
         -11          -8     6235000
         -11          -7     6237500
         -12          -7     6237499
         -12          -6     6239999
         -12          -5     6242499
         -12          -4     6244999
         -12          -3     6247499
         -12          -2     6249999
         -11          -2     6250000
         -11          -3     6247500
         -11          -4     6245000
         -11          -5     6242500
         -11          -6     6240000
         -10          -6     6237501
         -10          -5     6240001
         -10          -4     6242501
         -10          -3     6245001
         -10          -2     6247501
          -9          -2     6247502
          -9          -3     6245002
          -9          -4     6242502
          -8          -4     6242503
          -8          -3     6245003
          -7          -3     6245004
          -7          -2     6247504
          -8          -2     6247503
          -8          -1           3
          -7          -1           4
          -7           0        2504
          -6           0        2505
          -5           0        2506
          -4           0        2507
          -4          -1           7
          -3          -1           8
          -2          -1           9
          -2          -2     6247509
          -3          -2     6247508
          -3          -3     6245008
          -2          -3     6245009
          -1          -3     6245010
          -1          -2     6247510
          -1          -1          10
          -1           0        2510
          -1           1        5010
          -2           1        5009
          -2           0        2509
          -3           0        2508
          -3           1        5008
          -4           1        5007
          -5           1        5006
          -6           1        5005
          -7           1        5004
          -7           2        7504
          -7           3       10004
          -7           4       12504
          -6           4       12505
          -5           4       12506
          -5           3       10006
          -6           3       10005
          -6           2        7505
          -5           2        7506
          -4           2        7507
          -3           2        7508
          -2           2        7509
          -1           2        7510
           0           2        7511
           1           2        7512
           1           3       10012
           0           3       10011
          -1           3       10010
          -2           3       10009
          -3           3       10008
          -4           3       10007
          -4           4       12507
          -3           4       12508
          -3           5       15008
          -3           6       17508
          -2           6       17509
          -2           5       15009
          -2           4       12509
          -1           4       12510
          -1           5       15010
          -1           6       17510
          -1           7       20010
          -2           7       20009
          -2           8       22509
          -1           8       22510
           0           8       22511
           1           8       22512
           2           8       22513
           2           7       20013
           1           7       20012
           0           7       20011
           0           6       17511
           1           6       17512
           2           6       17513
           2           5       15013
           1           5       15012
           0           5       15011
           0           4       12511
           1           4       12512
           2           4       12513
           3           4       12514
           3           5       15014
           3           6       17514
           4           6       17515
           4           7       20015
           3           7       20014
           3           8       22514
           4           8       22515
           5           8       22516
           5           7       20016
           6           7       20017
           7           7       20018
           7           6       17518
           7           5       15018
           8           5       15019
           9           5       15020
          10           5       15021
          10           4       12521
           9           4       12520
           8           4       12519
           7           4       12518
           7           3       10018
           6           3       10017
           6           4       12517
           6           5       15017
           6           6       17517
           5           6       17516
           5           5       15016
           5           4       12516
           4           4       12515
           4           3       10015
           5           3       10016
           5           2        7516
           6           2        7517
           7           2        7518
           7           1        5018
           6           1        5017
           5           1        5016
           4           1        5015
           3           1        5014
           3           2        7514
           3           3       10014
           2           3       10013
           2           2        7513
           2           1        5013
           2           0        2513
           3           0        2514
           3          -1          14
           3          -2     6247514
           4          -2     6247515
           5          -2     6247516
           5          -1          16
           4          -1          15
           4           0        2515
           5           0        2516
           6           0        2517
           7           0        2518
           7          -1          18
           8          -1          19
           8          -2     6247519
           8          -3     6245019
           9          -3     6245020
           9          -2     6247520
           9          -1          20
          10          -1          21
          10           0        2521
          10           1        5021
           9           1        5020
           9           0        2520
           8           0        2519
           8           1        5019
           8           2        7519
           9           2        7520
           9           3       10020
          10           3       10021
          11           3       10022
          12           3       10023
          12           2        7523
          13           2        7524
          13           3       10024
          14           3       10025
          14           2        7525
          14           1        5025
          14           0        2525
          13           0        2524
          13           1        5024
          12           1        5023
          12           0        2523
          11           0        2522
          11          -1          22
          12          -1          23
          13          -1          24
          14          -1          25
          14          -2     6247525
          14          -3     6245025
          13          -3     6245024
          13          -2     6247524
          12          -2     6247523
          11          -2     6247522
          10          -2     6247521
          10          -3     6245021
          11          -3     6245022
          12          -3     6245023
          12          -4     6242523
          11          -4     6242522
          10          -4     6242521
           9          -4     6242520
           9          -5     6240020
           9          -6     6237520
           8          -6     6237519
           7          -6     6237518
           7          -5     6240018
           8          -5     6240019
           8          -4     6242519
           7          -4     6242518
           7          -3     6245018
           7          -2     6247518
           6          -2     6247517
           6          -3     6245017
           6          -4     6242517
           5          -4     6242516
           5          -3     6245016
           4          -3     6245015
           4          -4     6242515
           3          -4     6242514
           3          -5     6240014
           3          -6     6237514
           4          -6     6237515
           5          -6     6237516
           5          -5     6240016
           6          -5     6240017
           6          -6     6237517
           6          -7     6235017
           5          -7     6235016
           4          -7     6235015
           4          -8     6232515
           4          -9     6230015
           3          -9     6230014
           3         -10     6227514
           4         -10     6227515
           4         -11     6225015
           5         -11     6225016
           6         -11     6225017
           6         -10     6227517
           5         -10     6227516
           5          -9     6230016
           5          -8     6232516
           6          -8     6232517
           6          -9     6230017
           7          -9     6230018
           7         -10     6227518
           7         -11     6225018
           7         -12     6222518
           6         -12     6222517
           5         -12     6222516
           4         -12     6222515
           4         -13     6220015
           3         -13     6220014
           3         -14     6217514
           2         -14     6217513
           2         -13     6220013
           2         -12     6222513
           3         -12     6222514
           3         -11     6225014
           2         -11     6225013
           2         -10     6227513
           1         -10     6227512
           1         -11     6225012
           1         -12     6222512
           1         -13     6220012
           1         -14     6217512
           0         -14     6217511
           0         -15     6215011
           1         -15     6215012
           1         -16     6212512
           0         -16     6212511
          -1         -16     6212510
          -1         -15     6215010
          -1         -14     6217510
          -2         -14     6217509
          -2         -15     6215009
          -3         -15     6215008
          -4         -15     6215007
          -5         -15     6215006
          -5         -14     6217506
          -5         -13     6220006
          -4         -13     6220007
          -4         -14     6217507
          -3         -14     6217508
          -3         -13     6220008
          -2         -13     6220009
          -2         -12     6222509
          -1         -12     6222510
          -1         -13     6220010
           0         -13     6220011
           0         -12     6222511
           0         -11     6225011
           0         -10     6227511
          -1         -10     6227510
          -1         -11     6225010
          -2         -11     6225009
          -2         -10     6227509
          -2          -9     6230009
          -2          -8     6232509
          -2          -7     6235009
          -1          -7     6235010
          -1          -8     6232510
          -1          -9     6230010
           0          -9     6230011
           0          -8     6232511
           0          -7     6235011
           1          -7     6235012
           1          -8     6232512
           1          -9     6230012
           2          -9     6230013
           2          -8     6232513
           2          -7     6235013
           3          -7     6235014
