 ira =        38021   masha =         2045
           0           0       38021
           0          -1       36021
           1          -1       36022
           2          -1       36023
           2           0       38023
           1           0       38022
           1           1       40022
           2           1       40023
           3           1       40024
           4           1       40025
           5           1       40026
           6           1       40027
           6           2       42027
           5           2       42026
           5           3       44026
           6           3       44027
           7           3       44028
           7           2       42028
           8           2       42029
           9           2       42030
           9           3       44030
          10           3       44031
          11           3       44032
          11           2       42032
          11           1       40032
          12           1       40033
          12           0       38033
          12          -1       36033
          11          -1       36032
          11           0       38032
          10           0       38031
          10           1       40031
           9           1       40030
           8           1       40029
           7           1       40028
           7           0       38028
           6           0       38027
           5           0       38026
           4           0       38025
           3           0       38024
           3          -1       36024
           4          -1       36025
           4          -2       34025
           5          -2       34026
           5          -1       36026
           6          -1       36027
           7          -1       36028
           7          -2       34028
           7          -3       32028
           8          -3       32029
           9          -3       32030
           9          -2       34030
           8          -2       34029
           8          -1       36029
           8           0       38029
           9           0       38030
           9          -1       36030
          10          -1       36031
          10          -2       34031
          11          -2       34032
          12          -2       34033
          12          -3       32033
          11          -3       32032
          11          -4       30032
          12          -4       30033
          12          -5       28033
          13          -5       28034
          13          -4       30034
          13          -3       32034
          13          -2       34034
          13          -1       36034
          13           0       38034
          14           0       38035
          14          -1       36035
          15          -1       36036
          15           0       38036
          15           1       40036
          14           1       40035
          13           1       40034
          13           2       42034
          12           2       42033
          12           3       44033
          12           4       46033
          12           5       48033
          13           5       48034
          14           5       48035
          14           4       46035
          13           4       46034
          13           3       44034
          14           3       44035
          14           2       42035
          15           2       42036
          16           2       42037
          16           1       40037
          17           1       40038
          17           2       42038
          17           3       44038
          17           4       46038
          16           4       46037
          16           3       44037
          15           3       44036
          15           4       46036
          15           5       48036
          16           5       48037
          16           6       50037
          16           7       52037
          17           7       52038
          17           6       50038
          17           5       48038
          18           5       48039
          18           4       46039
          18           3       44039
          18           2       42039
          19           2       42040
          19           3       44040
          19           4       46040
          19           5       48040
          20           5       48041
          20           4       46041
          20           3       44041
          20           2       42041
          20           1       40041
          20           0       38041
          19           0       38040
          18           0       38039
          17           0       38038
          16           0       38037
          16          -1       36037
          17          -1       36038
          17          -2       34038
          16          -2       34037
          15          -2       34036
          14          -2       34035
          14          -3       32035
          14          -4       30035
          14          -5       28035
          15          -5       28036
          15          -6       26036
          14          -6       26035
          13          -6       26034
          13          -7       24034
          13          -8       22034
          12          -8       22033
          12          -7       24033
          11          -7       24032
          11          -8       22032
          11          -9       20032
          11         -10       18032
          12         -10       18033
          12          -9       20033
          13          -9       20034
          13         -10       18034
          13         -11       16034
          12         -11       16033
          11         -11       16032
          11         -12       14032
          12         -12       14033
          13         -12       14034
          14         -12       14035
          14         -13       12035
          14         -14       10035
          13         -14       10034
          13         -15        8034
          12         -15        8033
          12         -14       10033
          12         -13       12033
          11         -13       12032
          10         -13       12031
           9         -13       12030
           9         -14       10030
          10         -14       10031
          11         -14       10032
          11         -15        8032
          10         -15        8031
           9         -15        8030
           8         -15        8029
           7         -15        8028
           7         -16        6028
           7         -17        4028
           7         -18        2028
           7         -19          28
           6         -19          27
           5         -19          26
           5         -18        2026
           4         -18        2025
           3         -18        2024
           3         -19          24
           4         -19          25
           4         -20     3998025
           5         -20     3998026
           6         -20     3998027
           6         -21     3996027
           6         -22     3994027
           6         -23     3992027
           7         -23     3992028
           8         -23     3992029
           8         -22     3994029
           7         -22     3994028
           7         -21     3996028
           8         -21     3996029
           8         -20     3998029
           9         -20     3998030
          10         -20     3998031
          10         -19          31
          11         -19          32
          12         -19          33
          13         -19          34
          14         -19          35
          14         -20     3998035
          14         -21     3996035
          13         -21     3996034
          13         -20     3998034
          12         -20     3998033
          11         -20     3998032
          11         -21     3996032
          10         -21     3996031
           9         -21     3996030
           9         -22     3994030
          10         -22     3994031
          10         -23     3992031
          10         -24     3990031
          11         -24     3990032
          11         -23     3992032
          11         -22     3994032
          12         -22     3994033
          13         -22     3994034
          14         -22     3994035
          14         -23     3992035
          13         -23     3992034
          12         -23     3992033
          12         -24     3990033
          13         -24     3990034
          14         -24     3990035
          14         -25     3988035
          15         -25     3988036
          15         -24     3990036
          15         -23     3992036
          15         -22     3994036
          15         -21     3996036
          16         -21     3996037
          16         -22     3994037
          16         -23     3992037
          17         -23     3992038
          18         -23     3992039
          18         -24     3990039
          17         -24     3990038
          17         -25     3988038
          17         -26     3986038
          18         -26     3986039
          18         -25     3988039
          19         -25     3988040
          19         -24     3990040
          19         -23     3992040
          19         -22     3994040
          18         -22     3994039
          17         -22     3994038
          17         -21     3996038
          17         -20     3998038
          18         -20     3998039
          18         -19          39
          17         -19          38
          16         -19          37
          16         -20     3998037
          15         -20     3998036
          15         -19          36
          15         -18        2036
          14         -18        2035
          13         -18        2034
          12         -18        2033
          11         -18        2032
          10         -18        2031
           9         -18        2030
           9         -19          30
           8         -19          29
           8         -18        2029
           8         -17        4029
           8         -16        6029
           9         -16        6030
           9         -17        4030
          10         -17        4031
          11         -17        4032
          11         -16        6032
          12         -16        6033
          12         -17        4033
          13         -17        4034
          13         -16        6034
          14         -16        6035
          14         -17        4035
          15         -17        4036
          16         -17        4037
          16         -18        2037
          17         -18        2038
          17         -17        4038
          18         -17        4039
          18         -16        6039
          17         -16        6038
          16         -16        6037
          15         -16        6036
          15         -15        8036
          15         -14       10036
          15         -13       12036
          15         -12       14036
          15         -11       16036
          14         -11       16035
          14         -10       18035
          14          -9       20035
          14          -8       22035
          14          -7       24035
          15          -7       24036
          15          -8       22036
          15          -9       20036
          15         -10       18036
          16         -10       18037
          16         -11       16037
          16         -12       14037
          17         -12       14038
          17         -11       16038
          17         -10       18038
          17          -9       20038
          16          -9       20037
          16          -8       22037
          17          -8       22038
          17          -7       24038
          16          -7       24037
          16          -6       26037
          16          -5       28037
          16          -4       30037
          15          -4       30036
          15          -3       32036
          16          -3       32037
          17          -3       32038
          17          -4       30038
          18          -4       30039
          18          -3       32039
          18          -2       34039
          18          -1       36039
          19          -1       36040
          20          -1       36041
          20          -2       34041
          20          -3       32041
          20          -4       30041
          20          -5       28041
          19          -5       28040
          18          -5       28039
          17          -5       28038
          17          -6       26038
          18          -6       26039
          18          -7       24039
          18          -8       22039
          18          -9       20039
          18         -10       18039
          18         -11       16039
          18         -12       14039
          18         -13       12039
          17         -13       12038
          16         -13       12037
          16         -14       10037
          16         -15        8037
          17         -15        8038
          17         -14       10038
          18         -14       10039
          18         -15        8039
          19         -15        8040
          20         -15        8041
          21         -15        8042
          22         -15        8043
          22         -14       10043
          23         -14       10044
          23         -15        8044
          24         -15        8045
          24         -16        6045
          23         -16        6044
          22         -16        6043
          21         -16        6042
          20         -16        6041
          19         -16        6040
          19         -17        4040
          20         -17        4041
          21         -17        4042
          22         -17        4043
          22         -18        2043
          23         -18        2044
          23         -17        4044
          24         -17        4045
          25         -17        4046
          25         -16        6046
          25         -15        8046
          26         -15        8047
          26         -16        6047
          27         -16        6048
          27         -15        8048
          28         -15        8049
          28         -16        6049
          28         -17        4049
          28         -18        2049
          27         -18        2048
          27         -17        4048
          26         -17        4047
          26         -18        2047
          25         -18        2046
          24         -18        2045
