 ira =        40015   masha =        27510
           0           0       40015
          -1           0       40014
          -1          -1       37514
           0          -1       37515
           0          -2       35015
           0          -3       32515
           1          -3       32516
           1          -2       35016
           1          -1       37516
           1           0       40016
           2           0       40017
           2          -1       37517
           3          -1       37518
           3           0       40018
           4           0       40019
           4          -1       37519
           4          -2       35019
           5          -2       35020
           5          -1       37520
           5           0       40020
           5           1       42520
           6           1       42521
           7           1       42522
           8           1       42523
           9           1       42524
           9           0       40024
          10           0       40025
          10          -1       37525
          10          -2       35025
          11          -2       35026
          11          -1       37526
          11           0       40026
          12           0       40027
          12           1       42527
          11           1       42526
          10           1       42525
          10           2       45025
          10           3       47525
           9           3       47524
           9           2       45024
           8           2       45023
           7           2       45022
           6           2       45021
           5           2       45020
           4           2       45019
           3           2       45018
           3           3       47518
           4           3       47519
           5           3       47520
           5           4       50020
           4           4       50019
           4           5       52519
           3           5       52518
           3           4       50018
           2           4       50017
           2           3       47517
           1           3       47516
           1           4       50016
           1           5       52516
           2           5       52517
           2           6       55017
           1           6       55016
           0           6       55015
          -1           6       55014
          -1           5       52514
           0           5       52515
           0           4       50015
           0           3       47515
           0           2       45015
           1           2       45016
           2           2       45017
           2           1       42517
           1           1       42516
           0           1       42515
          -1           1       42514
          -1           2       45014
          -1           3       47514
          -1           4       50014
          -2           4       50013
          -2           3       47513
          -2           2       45013
          -2           1       42513
          -2           0       40013
          -2          -1       37513
          -3          -1       37512
          -4          -1       37511
          -5          -1       37510
          -5          -2       35010
          -6          -2       35009
          -6          -1       37509
          -7          -1       37508
          -8          -1       37507
          -8           0       40007
          -7           0       40008
          -6           0       40009
          -6           1       42509
          -7           1       42508
          -8           1       42507
          -8           2       45007
          -9           2       45006
         -10           2       45005
         -11           2       45004
         -11           1       42504
         -10           1       42505
         -10           0       40005
         -11           0       40004
         -11          -1       37504
         -12          -1       37503
         -12           0       40003
         -13           0       40002
         -13          -1       37502
         -14          -1       37501
         -14          -2       35001
         -15          -2       37500
         -15          -3       35000
         -14          -3       32501
         -13          -3       32502
         -13          -2       35002
         -12          -2       35003
         -11          -2       35004
         -11          -3       32504
         -12          -3       32503
         -12          -4       30003
         -13          -4       30002
         -13          -5       27502
         -12          -5       27503
         -11          -5       27504
         -11          -4       30004
         -10          -4       30005
          -9          -4       30006
          -9          -3       32506
         -10          -3       32505
         -10          -2       35005
         -10          -1       37505
          -9          -1       37506
          -9          -2       35006
          -8          -2       35007
          -7          -2       35008
          -7          -3       32508
          -8          -3       32507
          -8          -4       30007
          -7          -4       30008
          -7          -5       27508
          -8          -5       27507
          -8          -6       25007
          -9          -6       25006
          -9          -5       27506
         -10          -5       27505
         -10          -6       25005
         -10          -7       22505
         -10          -8       20005
          -9          -8       20006
          -9          -7       22506
          -8          -7       22507
          -8          -8       20007
          -8          -9       17507
          -9          -9       17506
         -10          -9       17505
         -10         -10       15005
          -9         -10       15006
          -8         -10       15007
          -8         -11       12507
          -9         -11       12506
         -10         -11       12505
         -11         -11       12504
         -11         -10       15004
         -12         -10       15003
         -12          -9       17503
         -13          -9       17502
         -13          -8       20002
         -13          -7       22502
         -12          -7       22503
         -12          -8       20003
         -11          -8       20004
         -11          -7       22504
         -11          -6       25004
         -12          -6       25003
         -13          -6       25002
         -14          -6       25001
         -15          -6       27500
         -16          -6       27499
         -17          -6       27498
         -18          -6       27497
         -19          -6       27496
         -19          -5       29996
         -18          -5       29997
         -17          -5       29998
         -16          -5       29999
         -15          -5       30000
         -14          -5       27501
         -14          -4       30001
         -15          -4       32500
         -16          -4       32499
         -16          -3       34999
         -17          -3       34998
         -17          -4       32498
         -18          -4       32497
         -19          -4       32496
         -20          -4       32495
         -20          -5       29995
         -21          -5       29994
         -21          -4       32494
         -22          -4       32493
         -22          -5       29993
         -23          -5       29992
         -23          -4       32492
         -23          -3       34992
         -24          -3       34991
         -24          -4       32491
         -24          -5       29991
         -25          -5       29990
         -25          -4       32490
         -25          -3       34990
         -26          -3       34989
         -26          -2       37489
         -27          -2       37488
         -27          -3       34988
         -27          -4       32488
         -26          -4       32489
         -26          -5       29989
         -26          -6       27489
         -26          -7       24989
         -27          -7       24988
         -27          -8       22488
         -26          -8       22489
         -25          -8       22490
         -24          -8       22491
         -24          -9       19991
         -25          -9       19990
         -26          -9       19989
         -27          -9       19988
         -27         -10       17488
         -26         -10       17489
         -26         -11       14989
         -26         -12       12489
         -27         -12       12488
         -27         -11       14988
         -28         -11       14987
         -28         -12       12487
         -29         -12       12486
         -29         -11       14986
         -30         -11       14985
         -30         -12       12485
         -30         -13        9985
         -31         -13        9984
         -32         -13        9983
         -32         -14        7483
         -31         -14        7484
         -30         -14        7485
         -29         -14        7486
         -29         -13        9986
         -28         -13        9987
         -28         -14        7487
         -28         -15        4987
         -28         -16        2487
         -28         -17     6249987
         -27         -17     6249988
         -26         -17     6249989
         -26         -16        2489
         -27         -16        2488
         -27         -15        4988
         -27         -14        7488
         -27         -13        9988
         -26         -13        9989
         -25         -13        9990
         -25         -14        7490
         -25         -15        4990
         -24         -15        4991
         -23         -15        4992
         -22         -15        4993
         -22         -14        7493
         -21         -14        7494
         -20         -14        7495
         -20         -13        9995
         -21         -13        9994
         -22         -13        9993
         -22         -12       12493
         -23         -12       12492
         -23         -13        9992
         -23         -14        7492
         -24         -14        7491
         -24         -13        9991
         -24         -12       12491
         -24         -11       14991
         -24         -10       17491
         -23         -10       17492
         -23         -11       14992
         -22         -11       14993
         -22         -10       17493
         -22          -9       19993
         -22          -8       22493
         -23          -8       22492
         -23          -7       24992
         -24          -7       24991
         -25          -7       24990
         -25          -6       27490
         -24          -6       27491
         -23          -6       27492
         -22          -6       27493
         -22          -7       24993
         -21          -7       24994
         -21          -8       22494
         -21          -9       19994
         -21         -10       17494
         -20         -10       17495
         -20          -9       19995
         -19          -9       19996
         -18          -9       19997
         -18          -8       22497
         -19          -8       22496
         -19          -7       24996
         -18          -7       24997
         -17          -7       24998
         -17          -8       22498
         -16          -8       22499
         -16          -7       24999
         -15          -7       25000
         -15          -8       22500
         -15          -9       20000
         -16          -9       19999
         -17          -9       19998
         -17         -10       17498
         -16         -10       17499
         -16         -11       14999
         -17         -11       14998
         -17         -12       12498
         -18         -12       12497
         -18         -11       14997
         -18         -10       17497
         -19         -10       17496
         -19         -11       14996
         -20         -11       14995
         -21         -11       14994
         -21         -12       12494
         -20         -12       12495
         -19         -12       12496
         -19         -13        9996
         -19         -14        7496
         -18         -14        7497
         -18         -13        9997
         -17         -13        9998
         -16         -13        9999
         -16         -14        7499
         -16         -15        4999
         -17         -15        4998
         -17         -16        2498
         -18         -16        2497
         -18         -17     6249997
         -17         -17     6249998
         -17         -18     6247498
         -16         -18     6247499
         -16         -19     6244999
         -15         -19     6245000
         -15         -20     6242500
         -15         -21     6240000
         -14         -21     6237501
         -14         -20     6240001
         -14         -19     6242501
         -14         -18     6245001
         -15         -18     6247500
         -15         -17     6250000
         -16         -17     6249999
         -16         -16        2499
         -15         -16        2500
         -15         -15        5000
         -15         -14        7500
         -15         -13       10000
         -14         -13        7501
         -13         -13        7502
         -13         -12       10002
         -14         -12       10001
         -14         -11       12501
         -14         -10       15001
         -13         -10       15002
         -13         -11       12502
         -12         -11       12503
         -12         -12       10003
         -12         -13        7503
         -12         -14        5003
         -11         -14        5004
         -11         -13        7504
         -11         -12       10004
         -10         -12       10005
          -9         -12       10006
          -8         -12       10007
          -7         -12       10008
          -7         -13        7508
          -8         -13        7507
          -8         -14        5007
          -9         -14        5006
          -9         -13        7506
         -10         -13        7505
         -10         -14        5005
         -10         -15        2505
          -9         -15        2506
          -8         -15        2507
          -8         -16           7
          -9         -16           6
         -10         -16           5
         -10         -17     6247505
         -10         -18     6245005
          -9         -18     6245006
          -8         -18     6245007
          -8         -17     6247507
          -7         -17     6247508
          -6         -17     6247509
          -6         -16           9
          -5         -16          10
          -4         -16          11
          -4         -15        2511
          -5         -15        2510
          -5         -14        5010
          -6         -14        5009
          -6         -13        7509
          -5         -13        7510
          -4         -13        7511
          -3         -13        7512
          -2         -13        7513
          -1         -13        7514
           0         -13        7515
           1         -13        7516
           2         -13        7517
           2         -12       10017
           1         -12       10016
           1         -11       12516
           1         -10       15016
           1          -9       17516
           1          -8       20016
           1          -7       22516
           1          -6       25016
           0          -6       25015
           0          -7       22515
           0          -8       20015
           0          -9       17515
           0         -10       15015
           0         -11       12515
           0         -12       10015
          -1         -12       10014
          -2         -12       10013
          -2         -11       12513
          -2         -10       15013
          -1         -10       15014
          -1          -9       17514
          -2          -9       17513
          -2          -8       20013
          -1          -8       20014
          -1          -7       22514
          -2          -7       22513
          -2          -6       25013
          -3          -6       25012
          -3          -7       22512
          -4          -7       22511
          -4          -8       20011
          -5          -8       20010
          -5          -9       17510
          -4          -9       17511
          -3          -9       17512
          -3         -10       15012
          -4         -10       15011
          -4         -11       12511
          -3         -11       12512
          -3         -12       10012
          -4         -12       10011
          -5         -12       10010
          -6         -12       10009
          -6         -11       12509
          -7         -11       12508
          -7         -10       15008
          -7          -9       17508
          -6          -9       17509
          -6          -8       20009
          -7          -8       20008
          -7          -7       22508
          -7          -6       25008
          -6          -6       25009
          -6          -7       22509
          -5          -7       22510
          -5          -6       25010
          -4          -6       25011
          -4          -5       27511
          -3          -5       27512
          -2          -5       27513
          -1          -5       27514
          -1          -4       30014
          -2          -4       30013
          -3          -4       30012
          -3          -3       32512
          -2          -3       32513
          -1          -3       32514
          -1          -2       35014
          -2          -2       35013
          -3          -2       35012
          -4          -2       35011
          -4          -3       32511
          -4          -4       30011
          -5          -4       30010
          -5          -3       32510
          -6          -3       32509
          -6          -4       30009
          -6          -5       27509
          -5          -5       27510
