 ira =       129002   masha =       123004
           0           0      129002
          -1           0      129001
          -1           1      132001
           0           1      132002
           1           1      132003
           2           1      132004
           2           0      129004
           2          -1      126004
           3          -1      126005
           3           0      129005
           3           1      132005
           4           1      132006
           5           1      132007
           5           2      135007
           4           2      135006
           3           2      135005
           2           2      135004
           1           2      135003
           1           3      138003
           0           3      138002
           0           4      141002
          -1           4      141001
          -1           3      138001
          -1           2      135001
          -2           2      138000
          -3           2      137999
          -4           2      137998
          -5           2      137997
          -6           2      137996
          -7           2      137995
          -8           2      137994
          -9           2      137993
          -9           3      140993
         -10           3      140992
         -10           2      137992
         -10           1      134992
         -11           1      134991
         -11           0      131991
         -11          -1      128991
         -12          -1      128990
         -12           0      131990
         -12           1      134990
         -12           2      137990
         -11           2      137991
         -11           3      140991
         -12           3      140990
         -12           4      143990
         -13           4      143989
         -14           4      143988
         -14           5      146988
         -15           5      146987
         -16           5      146986
         -17           5      146985
         -18           5      146984
         -19           5      146983
         -19           4      143983
         -18           4      143984
         -17           4      143985
         -17           3      140985
         -18           3      140984
         -19           3      140983
         -20           3      140982
         -20           4      143982
         -20           5      146982
         -21           5      146981
         -22           5      146980
         -23           5      146979
         -23           4      143979
         -22           4      143980
         -21           4      143981
         -21           3      140981
         -22           3      140980
         -23           3      140979
         -24           3      140978
         -25           3      140977
         -25           2      137977
         -24           2      137978
         -23           2      137979
         -22           2      137980
         -21           2      137981
         -21           1      134981
         -21           0      131981
         -22           0      131980
         -22           1      134980
         -23           1      134979
         -23           0      131979
         -23          -1      128979
         -22          -1      128980
         -21          -1      128981
         -21          -2      125981
         -20          -2      125982
         -20          -1      128982
         -20           0      131982
         -19           0      131983
         -19           1      134983
         -20           1      134982
         -20           2      137982
         -19           2      137983
         -18           2      137984
         -18           1      134984
         -18           0      131984
         -18          -1      128984
         -17          -1      128985
         -17           0      131985
         -16           0      131986
         -16           1      134986
         -16           2      137986
         -16           3      140986
         -16           4      143986
         -15           4      143987
         -15           3      140987
         -15           2      137987
         -15           1      134987
         -14           1      134988
         -14           2      137988
         -14           3      140988
         -13           3      140989
         -13           2      137989
         -13           1      134989
         -13           0      131989
         -14           0      131988
         -14          -1      128988
         -14          -2      125988
         -13          -2      125989
         -12          -2      125990
         -12          -3      122990
         -12          -4      119990
         -13          -4      119989
         -13          -3      122989
         -14          -3      122988
         -15          -3      122987
         -15          -4      119987
         -16          -4      119986
         -17          -4      119985
         -17          -3      122985
         -16          -3      122986
         -16          -2      125986
         -17          -2      125985
         -18          -2      125984
         -19          -2      125983
         -19          -3      122983
         -20          -3      122982
         -21          -3      122981
         -22          -3      122980
         -22          -2      125980
         -23          -2      125979
         -24          -2      125978
         -25          -2      125977
         -25          -1      128977
         -24          -1      128978
         -24           0      131978
         -24           1      134978
         -25           1      134977
         -25           0      131977
         -26           0      131976
         -26           1      134976
         -27           1      134975
         -27           0      131975
         -28           0      131974
         -29           0      131973
         -30           0      131972
         -30          -1      128972
         -29          -1      128973
         -28          -1      128974
         -28          -2      125974
         -27          -2      125975
         -27          -1      128975
         -26          -1      128976
         -26          -2      125976
         -26          -3      122976
         -25          -3      122977
         -25          -4      119977
         -24          -4      119978
         -24          -3      122978
         -23          -3      122979
         -23          -4      119979
         -23          -5      116979
         -22          -5      116980
         -22          -6      113980
         -22          -7      110980
         -21          -7      110981
         -20          -7      110982
         -20          -8      107982
         -21          -8      107981
         -21          -9      104981
         -21         -10      101981
         -22         -10      101980
         -22          -9      104980
         -22          -8      107980
         -23          -8      107979
         -23          -9      104979
         -24          -9      104978
         -24         -10      101978
         -24         -11       98978
         -25         -11       98977
         -26         -11       98976
         -26         -10      101976
         -25         -10      101977
         -25          -9      104977
         -26          -9      104976
         -26          -8      107976
         -26          -7      110976
         -26          -6      113976
         -25          -6      113977
         -25          -7      110977
         -25          -8      107977
         -24          -8      107978
         -24          -7      110978
         -23          -7      110979
         -23          -6      113979
         -24          -6      113978
         -24          -5      116978
         -25          -5      116977
         -26          -5      116976
         -26          -4      119976
         -27          -4      119975
         -27          -3      122975
         -28          -3      122974
         -29          -3      122973
         -29          -2      125973
         -30          -2      125972
         -30          -3      122972
         -30          -4      119972
         -31          -4      119971
         -31          -5      116971
         -30          -5      116972
         -30          -6      113972
         -30          -7      110972
         -29          -7      110973
         -29          -6      113973
         -29          -5      116973
         -29          -4      119973
         -28          -4      119974
         -28          -5      116974
         -27          -5      116975
         -27          -6      113975
         -27          -7      110975
         -27          -8      107975
         -27          -9      104975
         -28          -9      104974
         -29          -9      104973
         -29         -10      101973
         -29         -11       98973
         -28         -11       98974
         -28         -10      101974
         -27         -10      101975
         -27         -11       98975
         -27         -12       95975
         -26         -12       95976
         -26         -13       92976
         -26         -14       89976
         -25         -14       89977
         -25         -13       92977
         -24         -13       92978
         -24         -12       95978
         -23         -12       95979
         -23         -11       98979
         -22         -11       98980
         -22         -12       95980
         -22         -13       92980
         -21         -13       92981
         -21         -12       95981
         -20         -12       95982
         -19         -12       95983
         -18         -12       95984
         -18         -11       98984
         -17         -11       98985
         -17         -10      101985
         -18         -10      101984
         -19         -10      101983
         -20         -10      101982
         -20          -9      104982
         -19          -9      104983
         -18          -9      104984
         -17          -9      104985
         -17          -8      107985
         -17          -7      110985
         -18          -7      110984
         -18          -8      107984
         -19          -8      107983
         -19          -7      110983
         -19          -6      113983
         -20          -6      113982
         -21          -6      113981
         -21          -5      116981
         -21          -4      119981
         -20          -4      119982
         -20          -5      116982
         -19          -5      116983
         -19          -4      119983
         -18          -4      119984
         -18          -5      116984
         -18          -6      113984
         -17          -6      113985
         -17          -5      116985
         -16          -5      116986
         -16          -6      113986
         -16          -7      110986
         -16          -8      107986
         -15          -8      107987
         -15          -7      110987
         -15          -6      113987
         -14          -6      113988
         -14          -7      110988
         -14          -8      107988
         -14          -9      104988
         -15          -9      104987
         -16          -9      104986
         -16         -10      101986
         -16         -11       98986
         -16         -12       95986
         -16         -13       92986
         -15         -13       92987
         -15         -12       95987
         -15         -11       98987
         -14         -11       98988
         -13         -11       98989
         -13         -10      101989
         -12         -10      101990
         -12         -11       98990
         -11         -11       98991
         -10         -11       98992
         -10         -12       95992
         -11         -12       95991
         -12         -12       95990
         -13         -12       95989
         -14         -12       95988
         -14         -13       92988
         -13         -13       92989
         -12         -13       92990
         -12         -14       89990
         -11         -14       89991
         -11         -13       92991
         -10         -13       92992
         -10         -14       89992
          -9         -14       89993
          -9         -13       92993
          -9         -12       95993
          -9         -11       98993
          -9         -10      101993
         -10         -10      101992
         -11         -10      101991
         -11          -9      104991
         -11          -8      107991
         -12          -8      107990
         -13          -8      107989
         -13          -7      110989
         -12          -7      110990
         -12          -6      113990
         -12          -5      116990
         -11          -5      116991
         -11          -4      119991
         -10          -4      119992
          -9          -4      119993
          -9          -5      116993
         -10          -5      116992
         -10          -6      113992
          -9          -6      113993
          -8          -6      113994
          -8          -7      110994
          -7          -7      110995
          -6          -7      110996
          -6          -8      107996
          -6          -9      104996
          -5          -9      104997
          -5         -10      101997
          -4         -10      101998
          -4          -9      104998
          -3          -9      104999
          -3         -10      101999
          -3         -11       98999
          -2         -11       99000
          -1         -11       96001
           0         -11       96002
           0         -12       93002
           0         -13       90002
          -1         -13       90001
          -1         -12       93001
          -2         -12       96000
          -2         -13       93000
          -2         -14       90000
          -3         -14       89999
          -3         -13       92999
          -4         -13       92998
          -4         -14       89998
          -5         -14       89997
          -6         -14       89996
          -6         -13       92996
          -5         -13       92997
          -5         -12       95997
          -5         -11       98997
          -6         -11       98996
          -6         -10      101996
          -7         -10      101995
          -7          -9      104995
          -7          -8      107995
          -8          -8      107994
          -9          -8      107993
          -9          -7      110993
         -10          -7      110992
         -10          -8      107992
         -10          -9      104992
          -9          -9      104993
          -8          -9      104994
          -8         -10      101994
          -8         -11       98994
          -7         -11       98995
          -7         -12       95995
          -7         -13       92995
          -7         -14       89995
          -7         -15       86995
          -7         -16       83995
          -8         -16       83994
          -8         -17       80994
          -8         -18       77994
          -8         -19       74994
          -9         -19       74993
          -9         -18       77993
         -10         -18       77992
         -10         -17       80992
          -9         -17       80993
          -9         -16       83993
         -10         -16       83992
         -10         -15       86992
         -11         -15       86991
         -12         -15       86990
         -13         -15       86989
         -13         -14       89989
         -14         -14       89988
         -15         -14       89987
         -16         -14       89986
         -16         -15       86986
         -15         -15       86987
         -14         -15       86988
         -14         -16       83988
         -13         -16       83989
         -12         -16       83990
         -12         -17       80990
         -13         -17       80989
         -13         -18       77989
         -13         -19       74989
         -12         -19       74990
         -12         -18       77990
         -11         -18       77991
         -11         -19       74991
         -10         -19       74992
         -10         -20       71992
         -11         -20       71991
         -12         -20       71990
         -13         -20       71989
         -14         -20       71988
         -14         -19       74988
         -14         -18       77988
         -14         -17       80988
         -15         -17       80987
         -15         -18       77987
         -15         -19       74987
         -15         -20       71987
         -15         -21       68987
         -14         -21       68988
         -13         -21       68989
         -12         -21       68990
         -11         -21       68991
         -10         -21       68992
          -9         -21       68993
          -9         -20       71993
          -8         -20       71994
          -8         -21       68994
          -7         -21       68995
          -7         -20       71995
          -7         -19       74995
          -7         -18       77995
          -7         -17       80995
          -6         -17       80996
          -6         -18       77996
          -6         -19       74996
          -5         -19       74997
          -4         -19       74998
          -4         -20       71998
          -3         -20       71999
          -3         -19       74999
          -2         -19       75000
          -2         -18       78000
          -2         -17       81000
          -3         -17       80999
          -3         -18       77999
          -4         -18       77998
          -5         -18       77997
          -5         -17       80997
          -4         -17       80998
          -4         -16       83998
          -5         -16       83997
          -6         -16       83996
          -6         -15       86996
          -5         -15       86997
          -4         -15       86998
          -3         -15       86999
          -2         -15       87000
          -2         -16       84000
          -1         -16       81001
           0         -16       81002
           0         -15       84002
          -1         -15       84001
          -1         -14       87001
           0         -14       87002
           1         -14       87003
           1         -13       90003
           1         -12       93003
           1         -11       96003
           1         -10       99003
           0         -10       99002
          -1         -10       99001
          -2         -10      102000
          -2          -9      105000
          -2          -8      108000
          -2          -7      111000
          -2          -6      114000
          -3          -6      113999
          -3          -7      110999
          -3          -8      107999
          -4          -8      107998
          -5          -8      107997
          -5          -7      110997
          -4          -7      110998
          -4          -6      113998
          -5          -6      113997
          -5          -5      116997
          -5          -4      119997
          -6          -4      119996
          -6          -5      116996
          -6          -6      113996
          -7          -6      113995
          -7          -5      116995
          -8          -5      116994
          -8          -4      119994
          -7          -4      119995
          -7          -3      122995
          -8          -3      122994
          -8          -2      125994
          -9          -2      125993
          -9          -3      122993
         -10          -3      122992
         -10          -2      125992
         -10          -1      128992
          -9          -1      128993
          -8          -1      128994
          -8           0      131994
          -9           0      131993
          -9           1      134993
          -8           1      134994
          -7           1      134995
          -7           0      131995
          -6           0      131996
          -6          -1      128996
          -7          -1      128995
          -7          -2      125995
          -6          -2      125996
          -6          -3      122996
          -5          -3      122997
          -5          -2      125997
          -4          -2      125998
          -4          -3      122998
          -4          -4      119998
          -3          -4      119999
          -3          -3      122999
          -3          -2      125999
          -2          -2      126000
          -2          -3      123000
          -2          -4      120000
          -1          -4      117001
          -1          -5      114001
          -1          -6      111001
          -1          -7      108001
          -1          -8      105001
          -1          -9      102001
           0          -9      102002
           1          -9      102003
           1          -8      105003
           0          -8      105002
           0          -7      108002
           0          -6      111002
           1          -6      111003
           1          -5      114003
           0          -5      114002
           0          -4      117002
           1          -4      117003
           2          -4      117004
           3          -4      117005
           4          -4      117006
           4          -5      114006
           5          -5      114007
           5          -4      117007
           6          -4      117008
           7          -4      117009
           7          -3      120009
           6          -3      120008
           5          -3      120007
           4          -3      120006
           3          -3      120005
           3          -2      123005
           2          -2      123004
