 ira =     20240963   masha =     20227458
           0           0    20240963
           0          -1    20236463
           1          -1    20236464
           1           0    20240964
           1           1    20245464
           0           1    20245463
           0           2    20249963
           0           3        4463
           1           3        4464
           1           4        8964
           0           4        8963
           0           5       13463
          -1           5       13462
          -1           4        8962
          -1           3        4462
          -1           2    20249962
          -2           2    20249961
          -2           3        4461
          -2           4        8961
          -3           4        8960
          -4           4        8959
          -4           3        4459
          -3           3        4460
          -3           2    20249960
          -4           2    20249959
          -5           2    20249958
          -5           3        4458
          -5           4        8958
          -6           4        8957
          -6           3        4457
          -7           3        4456
          -7           4        8956
          -8           4        8955
          -8           3        4455
          -9           3        4454
         -10           3        4453
         -10           4        8953
          -9           4        8954
          -9           5       13454
          -8           5       13455
          -7           5       13456
          -6           5       13457
          -6           6       17957
          -6           7       22457
          -6           8       26957
          -6           9       31457
          -6          10       35957
          -7          10       35956
          -8          10       35955
          -8          11       40455
          -7          11       40456
          -6          11       40457
          -6          12       44957
          -5          12       44958
          -5          11       40458
          -5          10       35958
          -5           9       31458
          -5           8       26958
          -5           7       22458
          -5           6       17958
          -4           6       17959
          -4           5       13459
          -3           5       13460
          -2           5       13461
          -2           6       17961
          -2           7       22461
          -3           7       22460
          -4           7       22459
          -4           8       26959
          -3           8       26960
          -2           8       26961
          -2           9       31461
          -3           9       31460
          -4           9       31459
          -4          10       35959
          -4          11       40459
          -3          11       40460
          -3          10       35960
          -2          10       35961
          -2          11       40461
          -1          11       40462
          -1          12       44962
           0          12       44963
           0          11       40463
           0          10       35963
           0           9       31463
          -1           9       31462
          -1           8       26962
           0           8       26963
           0           7       22463
           0           6       17963
           1           6       17964
           2           6       17965
           2           7       22465
           2           8       26965
           1           8       26964
           1           9       31464
           1          10       35964
           1          11       40464
           1          12       44964
           1          13       49464
           0          13       49463
           0          14       53963
          -1          14       53962
          -1          13       49462
          -2          13       49461
          -2          12       44961
          -3          12       44960
          -4          12       44959
          -4          13       49459
          -3          13       49460
          -3          14       53960
          -4          14       53959
          -5          14       53958
          -5          13       49458
          -6          13       49457
          -7          13       49456
          -7          12       44956
          -8          12       44955
          -9          12       44954
          -9          11       40454
         -10          11       40453
         -10          10       35953
         -10           9       31453
         -10           8       26953
         -10           7       22453
          -9           7       22454
          -9           8       26954
          -9           9       31454
          -8           9       31455
          -7           9       31456
          -7           8       26956
          -8           8       26955
          -8           7       22455
          -7           7       22456
          -7           6       17956
          -8           6       17955
          -9           6       17954
         -10           6       17953
         -10           5       13453
         -11           5       13452
         -12           5       13451
         -13           5       13450
         -14           5       13449
         -15           5       13448
         -16           5       13447
         -17           5       13446
         -18           5       13445
         -18           6       17945
         -18           7       22445
         -17           7       22446
         -17           6       17946
         -16           6       17947
         -15           6       17948
         -14           6       17949
         -13           6       17950
         -12           6       17951
         -11           6       17952
         -11           7       22452
         -11           8       26952
         -11           9       31452
         -12           9       31451
         -12           8       26951
         -13           8       26950
         -13           9       31450
         -13          10       35950
         -12          10       35951
         -11          10       35952
         -11          11       40452
         -12          11       40451
         -13          11       40450
         -14          11       40449
         -15          11       40448
         -15          10       35948
         -15           9       31448
         -14           9       31449
         -14           8       26949
         -15           8       26948
         -15           7       22448
         -16           7       22447
         -16           8       26947
         -17           8       26946
         -18           8       26945
         -18           9       31445
         -17           9       31446
         -16           9       31447
         -16          10       35947
         -16          11       40447
         -16          12       44947
         -15          12       44948
         -14          12       44949
         -13          12       44950
         -12          12       44951
         -12          13       49451
         -11          13       49452
         -10          13       49453
          -9          13       49454
          -8          13       49455
          -8          14       53955
          -7          14       53956
          -6          14       53957
          -6          15       58457
          -7          15       58456
          -7          16       62956
          -6          16       62957
          -6          17       67457
          -6          18       71957
          -6          19       76457
          -6          20       80957
          -7          20       80956
          -7          19       76456
          -7          18       71956
          -8          18       71955
          -9          18       71954
         -10          18       71953
         -10          17       67453
         -11          17       67452
         -11          18       71952
         -12          18       71951
         -13          18       71950
         -13          19       76450
         -13          20       80950
         -13          21       85450
         -13          22       89950
         -12          22       89951
         -12          21       85451
         -12          20       80951
         -12          19       76451
         -11          19       76452
         -11          20       80952
         -11          21       85452
         -10          21       85453
          -9          21       85454
          -9          20       80954
         -10          20       80953
         -10          19       76453
          -9          19       76454
          -8          19       76455
          -8          20       80955
          -8          21       85455
          -7          21       85456
          -6          21       85457
          -5          21       85458
          -5          22       89958
          -5          23       94458
          -5          24       98958
          -6          24       98957
          -6          23       94457
          -6          22       89957
          -7          22       89956
          -8          22       89955
          -9          22       89954
          -9          23       94454
          -8          23       94455
          -7          23       94456
          -7          24       98956
          -8          24       98955
          -9          24       98954
          -9          25      103454
         -10          25      103453
         -10          24       98953
         -11          24       98952
         -11          25      103452
         -11          26      107952
         -11          27      112452
         -12          27      112451
         -12          28      116951
         -13          28      116950
         -14          28      116949
         -15          28      116948
         -15          27      112448
         -16          27      112447
         -17          27      112446
         -17          26      107946
         -16          26      107947
         -16          25      103447
         -17          25      103446
         -18          25      103445
         -18          24       98945
         -19          24       98944
         -20          24       98943
         -20          23       94443
         -20          22       89943
         -19          22       89944
         -19          23       94444
         -18          23       94445
         -18          22       89945
         -18          21       85445
         -17          21       85446
         -17          22       89946
         -17          23       94446
         -17          24       98946
         -16          24       98947
         -15          24       98948
         -14          24       98949
         -14          25      103449
         -15          25      103448
         -15          26      107948
         -14          26      107949
         -14          27      112449
         -13          27      112450
         -13          26      107950
         -13          25      103450
         -13          24       98950
         -12          24       98951
         -12          23       94451
         -13          23       94450
         -14          23       94449
         -14          22       89949
         -14          21       85449
         -15          21       85448
         -15          22       89948
         -15          23       94448
         -16          23       94447
         -16          22       89947
         -16          21       85447
         -16          20       80947
         -17          20       80946
         -18          20       80945
         -18          19       76445
         -17          19       76446
         -16          19       76447
         -16          18       71947
         -17          18       71946
         -18          18       71945
         -18          17       67445
         -17          17       67446
         -16          17       67447
         -15          17       67448
         -15          18       71948
         -15          19       76448
         -15          20       80948
         -14          20       80949
         -14          19       76449
         -14          18       71949
         -14          17       67449
         -13          17       67450
         -12          17       67451
         -12          16       62951
         -13          16       62950
         -13          15       58450
         -12          15       58451
         -11          15       58452
         -11          16       62952
         -10          16       62953
          -9          16       62954
          -9          17       67454
          -8          17       67455
          -8          16       62955
          -8          15       58455
          -9          15       58454
          -9          14       53954
         -10          14       53953
         -11          14       53952
         -12          14       53951
         -13          14       53950
         -13          13       49450
         -14          13       49449
         -15          13       49448
         -16          13       49447
         -17          13       49446
         -17          12       44946
         -17          11       40446
         -17          10       35946
         -18          10       35945
         -18          11       40445
         -18          12       44945
         -19          12       44944
         -19          11       40444
         -20          11       40443
         -20          12       44943
         -21          12       44942
         -21          13       49442
         -20          13       49443
         -20          14       53943
         -19          14       53944
         -19          13       49444
         -18          13       49445
         -18          14       53945
         -17          14       53946
         -16          14       53947
         -15          14       53948
         -14          14       53949
         -14          15       58449
         -15          15       58448
         -15          16       62948
         -16          16       62947
         -16          15       58447
         -17          15       58446
         -18          15       58445
         -18          16       62945
         -19          16       62944
         -19          17       67444
         -19          18       71944
         -20          18       71943
         -20          19       76443
         -19          19       76444
         -19          20       80944
         -19          21       85444
         -20          21       85443
         -20          20       80943
         -21          20       80942
         -22          20       80941
         -23          20       80940
         -23          19       76440
         -24          19       76439
         -25          19       76438
         -25          20       80938
         -24          20       80939
         -24          21       85439
         -23          21       85440
         -22          21       85441
         -22          22       89941
         -23          22       89940
         -23          23       94440
         -22          23       94441
         -21          23       94442
         -21          24       98942
         -22          24       98941
         -23          24       98940
         -23          25      103440
         -23          26      107940
         -24          26      107939
         -24          25      103439
         -24          24       98939
         -25          24       98938
         -25          23       94438
         -24          23       94439
         -24          22       89939
         -25          22       89938
         -25          21       85438
         -26          21       85437
         -26          20       80937
         -26          19       76437
         -26          18       71937
         -26          17       67437
         -26          16       62937
         -25          16       62938
         -24          16       62939
         -24          17       67439
         -25          17       67438
         -25          18       71938
         -24          18       71939
         -23          18       71940
         -22          18       71941
         -22          19       76441
         -21          19       76442
         -21          18       71942
         -21          17       67442
         -22          17       67441
         -23          17       67440
         -23          16       62940
         -22          16       62941
         -21          16       62942
         -21          15       58442
         -21          14       53942
         -22          14       53941
         -22          13       49441
         -22          12       44941
         -23          12       44940
         -23          13       49440
         -23          14       53940
         -23          15       58440
         -24          15       58439
         -25          15       58438
         -25          14       53938
         -24          14       53939
         -24          13       49439
         -25          13       49438
         -26          13       49437
         -26          12       44937
         -26          11       40437
         -25          11       40438
         -25          12       44938
         -24          12       44939
         -24          11       40439
         -23          11       40440
         -23          10       35940
         -23           9       31440
         -24           9       31439
         -25           9       31438
         -26           9       31437
         -27           9       31436
         -28           9       31435
         -28           8       26935
         -27           8       26936
         -27           7       22436
         -28           7       22435
         -29           7       22434
         -29           8       26934
         -29           9       31434
         -30           9       31433
         -30           8       26933
         -30           7       22433
         -31           7       22432
         -32           7       22431
         -32           8       26931
         -31           8       26932
         -31           9       31432
         -32           9       31431
         -33           9       31430
         -33          10       35930
         -33          11       40430
         -32          11       40431
         -32          10       35931
         -31          10       35932
         -30          10       35933
         -29          10       35934
         -28          10       35935
         -27          10       35936
         -27          11       40436
         -28          11       40435
         -29          11       40434
         -30          11       40433
         -31          11       40432
         -31          12       44932
         -32          12       44931
         -32          13       49431
         -31          13       49432
         -31          14       53932
         -32          14       53931
         -33          14       53930
         -33          13       49430
         -33          12       44930
         -34          12       44929
         -34          13       49429
         -35          13       49428
         -35          12       44928
         -35          11       40428
         -34          11       40429
         -34          10       35929
         -34           9       31429
         -35           9       31428
         -35           8       26928
         -34           8       26929
         -33           8       26930
         -33           7       22430
         -34           7       22429
         -35           7       22428
         -35           6       17928
         -36           6       17927
         -36           5       13427
         -36           4        8927
         -35           4        8928
         -35           5       13428
         -34           5       13429
         -33           5       13430
         -33           6       17930
         -32           6       17931
         -32           5       13431
         -31           5       13432
         -31           6       17932
         -30           6       17933
         -30           5       13433
         -29           5       13434
         -29           6       17934
         -28           6       17935
         -28           5       13435
         -28           4        8935
         -29           4        8934
         -30           4        8933
         -30           3        4433
         -31           3        4432
         -31           4        8932
         -32           4        8931
         -32           3        4431
         -33           3        4430
         -33           2    20249930
         -33           1    20245430
         -34           1    20245429
         -34           2    20249929
         -35           2    20249928
         -35           3        4428
         -36           3        4427
         -36           2    20249927
         -37           2    20249926
         -38           2    20249925
         -38           1    20245425
         -37           1    20245426
         -36           1    20245427
         -35           1    20245428
         -35           0    20240928
         -35          -1    20236428
         -34          -1    20236429
         -34           0    20240929
         -33           0    20240930
         -32           0    20240931
         -31           0    20240932
         -31          -1    20236432
         -30          -1    20236433
         -30           0    20240933
         -29           0    20240934
         -29           1    20245434
         -30           1    20245433
         -31           1    20245432
         -31           2    20249932
         -30           2    20249933
         -29           2    20249934
         -29           3        4434
         -28           3        4435
         -27           3        4436
         -27           4        8936
         -27           5       13436
         -27           6       17936
         -26           6       17937
         -26           5       13437
         -25           5       13438
         -25           6       17938
         -25           7       22438
         -26           7       22437
         -26           8       26937
         -25           8       26938
         -24           8       26939
         -24           7       22439
         -23           7       22440
         -23           8       26940
         -22           8       26941
         -21           8       26942
         -20           8       26943
         -20           9       31443
         -20          10       35943
         -19          10       35944
         -19           9       31444
         -19           8       26944
         -19           7       22444
         -20           7       22443
         -20           6       17943
         -19           6       17944
         -19           5       13444
         -20           5       13443
         -20           4        8943
         -20           3        4443
         -19           3        4444
         -18           3        4445
         -18           2    20249945
         -19           2    20249944
         -20           2    20249943
         -21           2    20249942
         -21           3        4442
         -21           4        8942
         -21           5       13442
         -21           6       17942
         -21           7       22442
         -22           7       22441
         -22           6       17941
         -22           5       13441
         -22           4        8941
         -22           3        4441
         -22           2    20249941
         -22           1    20245441
         -21           1    20245442
         -21           0    20240942
         -22           0    20240941
         -23           0    20240940
         -23           1    20245440
         -23           2    20249940
         -24           2    20249939
         -24           3        4439
         -23           3        4440
         -23           4        8940
         -23           5       13440
         -23           6       17940
         -24           6       17939
         -24           5       13439
         -24           4        8939
         -25           4        8938
         -26           4        8937
         -26           3        4437
         -26           2    20249937
         -25           2    20249938
         -25           1    20245438
         -24           1    20245439
         -24           0    20240939
         -25           0    20240938
         -26           0    20240937
         -26          -1    20236437
         -25          -1    20236438
         -24          -1    20236439
         -24          -2    20231939
         -23          -2    20231940
         -23          -1    20236440
         -22          -1    20236441
         -22          -2    20231941
         -21          -2    20231942
         -21          -3    20227442
         -20          -3    20227443
         -20          -2    20231943
         -19          -2    20231944
         -19          -3    20227444
         -18          -3    20227445
         -18          -4    20222945
         -17          -4    20222946
         -16          -4    20222947
         -15          -4    20222948
         -15          -5    20218448
         -15          -6    20213948
         -14          -6    20213949
         -13          -6    20213950
         -12          -6    20213951
         -12          -7    20209451
         -12          -8    20204951
         -12          -9    20200451
         -11          -9    20200452
         -11          -8    20204952
         -11          -7    20209452
         -11          -6    20213952
         -10          -6    20213953
         -10          -7    20209453
          -9          -7    20209454
          -9          -8    20204954
         -10          -8    20204953
         -10          -9    20200453
         -10         -10    20195953
         -11         -10    20195952
         -11         -11    20191452
         -10         -11    20191453
          -9         -11    20191454
          -8         -11    20191455
          -8         -10    20195955
          -9         -10    20195954
          -9          -9    20200454
          -8          -9    20200455
          -7          -9    20200456
          -7         -10    20195956
          -7         -11    20191456
          -6         -11    20191457
          -6         -10    20195957
          -5         -10    20195958
          -5          -9    20200458
          -6          -9    20200457
          -6          -8    20204957
          -6          -7    20209457
          -7          -7    20209456
          -7          -8    20204956
          -8          -8    20204955
          -8          -7    20209455
          -8          -6    20213955
          -9          -6    20213954
          -9          -5    20218454
          -8          -5    20218455
          -8          -4    20222955
          -9          -4    20222954
         -10          -4    20222953
         -10          -5    20218453
         -11          -5    20218452
         -11          -4    20222952
         -12          -4    20222951
         -12          -5    20218451
         -13          -5    20218450
         -14          -5    20218449
         -14          -4    20222949
         -13          -4    20222950
         -13          -3    20227450
         -13          -2    20231950
         -12          -2    20231951
         -12          -1    20236451
         -13          -1    20236450
         -14          -1    20236449
         -14          -2    20231949
         -14          -3    20227449
         -15          -3    20227448
         -16          -3    20227447
         -17          -3    20227446
         -17          -2    20231946
         -17          -1    20236446
         -18          -1    20236445
         -18           0    20240945
         -19           0    20240944
         -19          -1    20236444
         -20          -1    20236443
         -20           0    20240943
         -20           1    20245443
         -19           1    20245444
         -18           1    20245445
         -17           1    20245446
         -17           0    20240946
         -16           0    20240947
         -16          -1    20236447
         -15          -1    20236448
         -15           0    20240948
         -14           0    20240949
         -13           0    20240950
         -12           0    20240951
         -12           1    20245451
         -13           1    20245450
         -14           1    20245449
         -15           1    20245448
         -16           1    20245447
         -16           2    20249947
         -16           3        4447
         -16           4        8947
         -15           4        8948
         -14           4        8949
         -14           3        4449
         -15           3        4448
         -15           2    20249948
         -14           2    20249949
         -13           2    20249950
         -13           3        4450
         -13           4        8950
         -12           4        8951
         -11           4        8952
         -11           3        4452
         -11           2    20249952
         -11           1    20245452
         -10           1    20245453
         -10           2    20249953
          -9           2    20249954
          -8           2    20249955
          -7           2    20249956
          -6           2    20249957
          -6           1    20245457
          -7           1    20245456
          -7           0    20240956
          -6           0    20240957
          -6          -1    20236457
          -6          -2    20231957
          -6          -3    20227457
          -7          -3    20227456
          -7          -4    20222956
          -6          -4    20222957
          -5          -4    20222958
          -4          -4    20222959
          -4          -3    20227459
          -3          -3    20227460
          -2          -3    20227461
          -1          -3    20227462
          -1          -4    20222962
           0          -4    20222963
           0          -5    20218463
          -1          -5    20218462
          -2          -5    20218461
          -2          -4    20222961
          -3          -4    20222960
          -3          -5    20218460
          -4          -5    20218459
          -5          -5    20218458
          -6          -5    20218457
          -7          -5    20218456
          -7          -6    20213956
          -6          -6    20213957
          -5          -6    20213958
          -5          -7    20209458
          -5          -8    20204958
          -4          -8    20204959
          -4          -7    20209459
          -4          -6    20213959
          -3          -6    20213960
          -3          -7    20209460
          -3          -8    20204960
          -3          -9    20200460
          -4          -9    20200459
          -4         -10    20195959
          -4         -11    20191459
          -3         -11    20191460
          -2         -11    20191461
          -2         -10    20195961
          -2          -9    20200461
          -2          -8    20204961
          -1          -8    20204962
           0          -8    20204963
           0          -7    20209463
          -1          -7    20209462
          -2          -7    20209461
          -2          -6    20213961
          -1          -6    20213962
           0          -6    20213963
           1          -6    20213964
           1          -5    20218464
           2          -5    20218465
           3          -5    20218466
           4          -5    20218467
           4          -4    20222967
           4          -3    20227467
           3          -3    20227466
           3          -4    20222966
           2          -4    20222965
           2          -3    20227465
           1          -3    20227464
           0          -3    20227463
           0          -2    20231963
          -1          -2    20231962
          -2          -2    20231961
          -2          -1    20236461
          -1          -1    20236462
          -1           0    20240962
          -2           0    20240961
          -2           1    20245461
          -3           1    20245460
          -4           1    20245459
          -5           1    20245458
          -5           0    20240958
          -5          -1    20236458
          -4          -1    20236459
          -4           0    20240959
          -3           0    20240960
          -3          -1    20236460
          -3          -2    20231960
          -4          -2    20231959
          -5          -2    20231958
          -5          -3    20227458
