 ira =       162418   masha =       146171
           0           0      162418
           0           1      165668
          -1           1      165667
          -1           0      162417
          -2           0      162416
          -2          -1      159166
          -1          -1      159167
           0          -1      159168
           1          -1      159169
           1           0      162419
           1           1      165669
           1           2      168919
           0           2      168918
           0           3      172168
           1           3      172169
           2           3      172170
           2           2      168920
           3           2      168921
           4           2      168922
           5           2      168923
           5           3      172173
           5           4      175423
           6           4      175424
           6           5      178674
           5           5      178673
           4           5      178672
           4           4      175422
           4           3      172172
           3           3      172171
           3           4      175421
           3           5      178671
           2           5      178670
           2           6      181920
           2           7      185170
           3           7      185171
           3           6      181921
           4           6      181922
           4           7      185172
           5           7      185173
           5           6      181923
           6           6      181924
           6           7      185174
           7           7      185175
           7           8      188425
           8           8      188426
           8           9      191676
           8          10      194926
           8          11      198176
           8          12      201426
           7          12      201425
           7          13      204675
           6          13      204674
           6          12      201424
           5          12      201423
           5          13      204673
           5          14      207923
           6          14      207924
           7          14      207925
           7          15      211175
           7          16      214425
           8          16      214426
           9          16      214427
           9          17      217677
           8          17      217676
           7          17      217675
           7          18      220925
           6          18      220924
           6          19      224174
           7          19      224175
           8          19      224176
           8          18      220926
           9          18      220927
           9          19      224177
          10          19      224178
          10          20      227428
           9          20      227427
           9          21      230677
          10          21      230678
          10          22      233928
           9          22      233927
           9          23      237177
           9          24      240427
           8          24      240426
           8          23      237176
           7          23      237175
           7          24      240425
           7          25      243675
           8          25      243676
           9          25      243677
           9          26      246927
           8          26      246926
           8          27      250176
           8          28      253426
           8          29      256676
           8          30      259926
           7          30      259925
           6          30      259924
           5          30      259923
           5          29      256673
           5          28      253423
           6          28      253424
           6          29      256674
           7          29      256675
           7          28      253425
           7          27      250175
           7          26      246925
           6          26      246924
           6          25      243674
           5          25      243673
           5          24      240423
           6          24      240424
           6          23      237174
           5          23      237173
           5          22      233923
           6          22      233924
           6          21      230674
           7          21      230675
           7          22      233925
           8          22      233926
           8          21      230676
           8          20      227426
           7          20      227425
           6          20      227424
           5          20      227423
           5          19      224173
           4          19      224172
           3          19      224171
           3          18      220921
           2          18      220920
           2          17      217670
           1          17      217669
           1          18      220919
           0          18      220918
          -1          18      220917
          -1          19      224167
          -1          20      227417
           0          20      227418
           1          20      227419
           1          19      224169
           2          19      224170
           2          20      227420
           3          20      227421
           4          20      227422
           4          21      230672
           4          22      233922
           4          23      237172
           4          24      240422
           3          24      240421
           3          23      237171
           3          22      233921
           3          21      230671
           2          21      230670
           1          21      230669
           0          21      230668
          -1          21      230667
          -2          21      230666
          -2          22      233916
          -2          23      237166
          -1          23      237167
          -1          22      233917
           0          22      233918
           1          22      233919
           2          22      233920
           2          23      237170
           1          23      237169
           0          23      237168
           0          24      240418
          -1          24      240417
          -1          25      243667
           0          25      243668
           0          26      246918
           1          26      246919
           1          25      243669
           1          24      240419
           2          24      240420
           2          25      243670
           3          25      243671
           3          26      246921
           4          26      246922
           5          26      246923
           5          27      250173
           4          27      250172
           4          28      253422
           3          28      253421
           3          29      256671
           4          29      256672
           4          30      259922
           3          30      259921
           3          31      263171
           3          32      266421
           3          33      269671
           4          33      269672
           4          32      266422
           4          31      263172
           5          31      263173
           5          32      266423
           5          33      269673
           6          33      269674
           6          32      266424
           7          32      266425
           7          33      269675
           8          33      269676
           8          32      266426
           8          31      263176
           9          31      263177
           9          32      266427
          10          32      266428
          10          33      269678
          11          33      269679
          11          32      266429
          12          32      266430
          13          32      266431
          13          31      263181
          13          30      259931
          12          30      259930
          12          29      256680
          13          29      256681
          13          28      253431
          13          27      250181
          13          26      246931
          13          25      243681
          12          25      243680
          12          26      246930
          12          27      250180
          12          28      253430
          11          28      253429
          10          28      253428
          10          29      256678
          11          29      256679
          11          30      259929
          10          30      259928
           9          30      259927
           9          29      256677
           9          28      253427
           9          27      250177
          10          27      250178
          11          27      250179
          11          26      246929
          10          26      246928
          10          25      243678
          11          25      243679
          11          24      240429
          10          24      240428
          10          23      237178
          11          23      237179
          11          22      233929
          11          21      230679
          11          20      227429
          11          19      224179
          12          19      224180
          12          20      227430
          12          21      230680
          12          22      233930
          12          23      237180
          12          24      240430
          13          24      240431
          14          24      240432
          14          25      243682
          14          26      246932
          15          26      246933
          15          27      250183
          14          27      250182
          14          28      253432
          15          28      253433
          16          28      253434
          17          28      253435
          17          27      250185
          16          27      250184
          16          26      246934
          17          26      246935
          17          25      243685
          16          25      243684
          15          25      243683
          15          24      240433
          15          23      237183
          14          23      237182
          13          23      237181
          13          22      233931
          14          22      233932
          14          21      230682
          13          21      230681
          13          20      227431
          13          19      224181
          13          18      220931
          12          18      220930
          11          18      220929
          10          18      220928
          10          17      217678
          10          16      214428
          11          16      214429
          12          16      214430
          12          17      217680
          13          17      217681
          13          16      214431
          14          16      214432
          14          17      217682
          15          17      217683
          15          16      214433
          16          16      214434
          17          16      214435
          17          17      217685
          16          17      217684
          16          18      220934
          16          19      224184
          15          19      224183
          15          18      220933
          14          18      220932
          14          19      224182
          14          20      227432
          15          20      227433
          15          21      230683
          15          22      233933
          16          22      233934
          16          23      237184
          16          24      240434
          17          24      240435
          17          23      237185
          17          22      233935
          18          22      233936
          18          21      230686
          17          21      230685
          16          21      230684
          16          20      227434
          17          20      227435
          18          20      227436
          18          19      224186
          17          19      224185
          17          18      220935
          18          18      220936
          18          17      217686
          19          17      217687
          19          18      220937
          19          19      224187
          20          19      224188
          20          18      220938
          20          17      217688
          21          17      217689
          21          16      214439
          21          15      211189
          21          14      207939
          20          14      207938
          19          14      207937
          19          15      211187
          20          15      211188
          20          16      214438
          19          16      214437
          18          16      214436
          18          15      211186
          17          15      211185
          16          15      211184
          16          14      207934
          17          14      207935
          18          14      207936
          18          13      204686
          17          13      204685
          16          13      204684
          16          12      201434
          15          12      201433
          15          13      204683
          15          14      207933
          15          15      211183
          14          15      211182
          13          15      211181
          12          15      211180
          12          14      207930
          12          13      204680
          11          13      204679
          11          14      207929
          11          15      211179
          10          15      211178
          10          14      207928
           9          14      207927
           9          15      211177
           8          15      211176
           8          14      207926
           8          13      204676
           9          13      204677
           9          12      201427
           9          11      198177
           9          10      194927
          10          10      194928
          10          11      198178
          11          11      198179
          11          12      201429
          12          12      201430
          12          11      198180
          13          11      198181
          13          12      201431
          13          13      204681
          13          14      207931
          14          14      207932
          14          13      204682
          14          12      201432
          14          11      198182
          14          10      194932
          15          10      194933
          15          11      198183
          16          11      198184
          16          10      194934
          16           9      191684
          15           9      191683
          14           9      191682
          13           9      191681
          13          10      194931
          12          10      194930
          12           9      191680
          11           9      191679
          10           9      191678
           9           9      191677
           9           8      188427
          10           8      188428
          11           8      188429
          11           7      185179
          10           7      185178
           9           7      185177
           8           7      185176
           8           6      181926
           9           6      181927
           9           5      178677
           9           4      175427
          10           4      175428
          10           3      172178
          11           3      172179
          12           3      172180
          12           2      168930
          11           2      168929
          11           1      165679
          12           1      165680
          12           0      162430
          13           0      162431
          14           0      162432
          14           1      165682
          15           1      165683
          15           0      162433
          16           0      162434
          16           1      165684
          16           2      168934
          15           2      168933
          15           3      172183
          14           3      172182
          14           2      168932
          13           2      168931
          13           3      172181
          13           4      175431
          13           5      178681
          12           5      178680
          12           4      175430
          11           4      175429
          11           5      178679
          10           5      178678
          10           6      181928
          11           6      181929
          12           6      181930
          13           6      181931
          14           6      181932
          14           7      185182
          13           7      185181
          12           7      185180
          12           8      188430
          13           8      188431
          14           8      188432
          15           8      188433
          15           7      185183
          16           7      185184
          16           8      188434
          17           8      188435
          18           8      188436
          18           7      185186
          17           7      185185
          17           6      181935
          18           6      181936
          19           6      181937
          19           7      185187
          19           8      188437
          19           9      191687
          18           9      191686
          17           9      191685
          17          10      194935
          17          11      198185
          17          12      201435
          18          12      201436
          18          11      198186
          18          10      194936
          19          10      194937
          19          11      198187
          20          11      198188
          20          12      201438
          19          12      201437
          19          13      204687
          20          13      204688
          21          13      204689
          21          12      201439
          21          11      198189
          21          10      194939
          20          10      194938
          20           9      191688
          20           8      188438
          20           7      185188
          20           6      181938
          20           5      178688
          19           5      178687
          18           5      178686
          17           5      178685
          16           5      178684
          15           5      178683
          14           5      178682
          14           4      175432
          15           4      175433
          16           4      175434
          16           3      172184
          17           3      172185
          17           2      168935
          18           2      168936
          18           1      165686
          17           1      165685
          17           0      162435
          18           0      162436
          18          -1      159186
          17          -1      159185
          16          -1      159184
          15          -1      159183
          14          -1      159182
          13          -1      159181
          12          -1      159180
          12          -2      155930
          12          -3      152680
          13          -3      152681
          13          -4      149431
          12          -4      149430
          11          -4      149429
          11          -3      152679
          10          -3      152678
          10          -4      149428
          10          -5      146178
          11          -5      146179
          12          -5      146180
          13          -5      146181
          14          -5      146182
          14          -6      142932
          15          -6      142933
          15          -5      146183
          15          -4      149433
          14          -4      149432
          14          -3      152682
          15          -3      152683
          15          -2      155933
          16          -2      155934
          16          -3      152684
          16          -4      149434
          16          -5      146184
          17          -5      146185
          17          -4      149435
          18          -4      149436
          18          -5      146186
          18          -6      142936
          17          -6      142935
          16          -6      142934
          16          -7      139684
          15          -7      139683
          14          -7      139682
          13          -7      139681
          13          -6      142931
          12          -6      142930
          12          -7      139680
          12          -8      136430
          13          -8      136431
          14          -8      136432
          15          -8      136433
          15          -9      133183
          14          -9      133182
          14         -10      129932
          13         -10      129931
          13          -9      133181
          12          -9      133180
          11          -9      133179
          11          -8      136429
          11          -7      139679
          11          -6      142929
          10          -6      142928
           9          -6      142927
           9          -5      146177
           8          -5      146176
           7          -5      146175
           7          -4      149425
           8          -4      149426
           9          -4      149427
           9          -3      152677
           8          -3      152676
           7          -3      152675
           6          -3      152674
           5          -3      152673
           5          -2      155923
           6          -2      155924
           7          -2      155925
           8          -2      155926
           9          -2      155927
          10          -2      155928
          11          -2      155929
          11          -1      159179
          10          -1      159178
           9          -1      159177
           9           0      162427
          10           0      162428
          10           1      165678
          10           2      168928
           9           2      168927
           9           3      172177
           8           3      172176
           8           4      175426
           8           5      178676
           7           5      178675
           7           4      175425
           7           3      172175
           6           3      172174
           6           2      168924
           7           2      168925
           8           2      168926
           8           1      165676
           8           0      162426
           8          -1      159176
           7          -1      159175
           6          -1      159174
           6           0      162424
           7           0      162425
           7           1      165675
           6           1      165674
           5           1      165673
           5           0      162423
           5          -1      159173
           4          -1      159172
           3          -1      159171
           3           0      162421
           4           0      162422
           4           1      165672
           3           1      165671
           2           1      165670
           2           0      162420
           2          -1      159170
           2          -2      155920
           3          -2      155921
           3          -3      152671
           4          -3      152672
           4          -4      149422
           5          -4      149423
           5          -5      146173
           6          -5      146174
           6          -6      142924
           5          -6      142923
           4          -6      142922
           4          -5      146172
           3          -5      146171
