 ira =       231044   masha =       199525
           0           0      231044
          -1           0      231043
          -1           1      234543
           0           1      234544
           1           1      234545
           1           2      238045
           2           2      238046
           2           3      241546
           2           4      245046
           3           4      245047
           3           3      241547
           3           2      238047
           3           1      234547
           2           1      234546
           2           0      231046
           1           0      231045
           1          -1      227545
           0          -1      227544
          -1          -1      227543
          -2          -1      227542
          -2           0      231042
          -3           0      231041
          -3           1      234541
          -2           1      234542
          -2           2      238042
          -1           2      238043
           0           2      238044
           0           3      241544
           0           4      245044
           0           5      248544
           0           6      252044
           0           7      255544
          -1           7      255543
          -2           7      255542
          -2           8      259042
          -3           8      259041
          -3           7      255541
          -3           6      252041
          -3           5      248541
          -2           5      248542
          -2           6      252042
          -1           6      252043
          -1           5      248543
          -1           4      245043
          -1           3      241543
          -2           3      241542
          -2           4      245042
          -3           4      245041
          -4           4      245040
          -4           3      241540
          -5           3      241539
          -6           3      241538
          -6           2      238038
          -6           1      234538
          -7           1      234537
          -7           2      238037
          -8           2      238036
          -8           3      241536
          -9           3      241535
          -9           2      238035
         -10           2      238034
         -10           3      241534
         -10           4      245034
          -9           4      245035
          -8           4      245036
          -8           5      248536
          -9           5      248535
         -10           5      248534
         -10           6      252034
          -9           6      252035
          -8           6      252036
          -7           6      252037
          -7           5      248537
          -7           4      245037
          -6           4      245038
          -6           5      248538
          -6           6      252038
          -5           6      252039
          -5           5      248539
          -4           5      248540
          -4           6      252040
          -4           7      255540
          -4           8      259040
          -5           8      259039
          -5           7      255539
          -6           7      255538
          -7           7      255537
          -8           7      255536
          -8           8      259036
          -9           8      259035
          -9           9      262535
          -8           9      262536
          -7           9      262537
          -7           8      259037
          -6           8      259038
          -6           9      262538
          -5           9      262539
          -4           9      262540
          -4          10      266040
          -5          10      266039
          -6          10      266038
          -7          10      266037
          -8          10      266036
          -9          10      266035
         -10          10      266034
         -10           9      262534
         -10           8      259034
         -10           7      255534
         -11           7      255533
         -11           6      252033
         -11           5      248533
         -12           5      248532
         -13           5      248531
         -14           5      248530
         -15           5      248529
         -15           4      245029
         -15           3      241529
         -14           3      241530
         -13           3      241531
         -13           4      245031
         -12           4      245032
         -11           4      245033
         -11           3      241533
         -12           3      241532
         -12           2      238032
         -11           2      238033
         -11           1      234533
         -10           1      234534
          -9           1      234535
          -8           1      234536
          -8           0      231036
          -7           0      231037
          -6           0      231038
          -6          -1      227538
          -6          -2      224038
          -5          -2      224039
          -5          -1      227539
          -5           0      231039
          -5           1      234539
          -5           2      238039
          -4           2      238040
          -4           1      234540
          -4           0      231040
          -4          -1      227540
          -3          -1      227541
          -3          -2      224041
          -4          -2      224040
          -4          -3      220540
          -4          -4      217040
          -4          -5      213540
          -3          -5      213541
          -3          -6      210041
          -4          -6      210040
          -4          -7      206540
          -4          -8      203040
          -4          -9      199540
          -4         -10      196040
          -4         -11      192540
          -4         -12      189040
          -3         -12      189041
          -2         -12      189042
          -2         -13      185542
          -1         -13      185543
          -1         -14      182043
          -2         -14      182042
          -2         -15      178542
          -1         -15      178543
          -1         -16      175043
          -1         -17      171543
          -2         -17      171542
          -2         -16      175042
          -3         -16      175041
          -3         -15      178541
          -3         -14      182041
          -3         -13      185541
          -4         -13      185540
          -4         -14      182040
          -4         -15      178540
          -4         -16      175040
          -5         -16      175039
          -6         -16      175038
          -6         -15      178538
          -5         -15      178539
          -5         -14      182039
          -5         -13      185539
          -5         -12      189039
          -6         -12      189038
          -6         -13      185538
          -6         -14      182038
          -7         -14      182037
          -8         -14      182036
          -9         -14      182035
          -9         -13      185535
          -8         -13      185536
          -7         -13      185537
          -7         -12      189037
          -8         -12      189036
          -9         -12      189035
         -10         -12      189034
         -10         -13      185534
         -11         -13      185533
         -11         -12      189033
         -11         -11      192533
         -11         -10      196033
         -10         -10      196034
         -10         -11      192534
          -9         -11      192535
          -9         -10      196035
          -8         -10      196036
          -8         -11      192536
          -7         -11      192537
          -7         -10      196037
          -6         -10      196038
          -6         -11      192538
          -5         -11      192539
          -5         -10      196039
          -5          -9      199539
          -6          -9      199538
          -7          -9      199537
          -7          -8      203037
          -7          -7      206537
          -6          -7      206538
          -6          -8      203038
          -5          -8      203039
          -5          -7      206539
          -5          -6      210039
          -5          -5      213539
          -5          -4      217039
          -5          -3      220539
          -6          -3      220538
          -6          -4      217038
          -7          -4      217037
          -7          -3      220537
          -8          -3      220536
          -9          -3      220535
          -9          -2      224035
          -8          -2      224036
          -7          -2      224037
          -7          -1      227537
          -8          -1      227536
          -9          -1      227535
          -9           0      231035
         -10           0      231034
         -10          -1      227534
         -10          -2      224034
         -11          -2      224033
         -11          -1      227533
         -11           0      231033
         -12           0      231032
         -12           1      234532
         -13           1      234531
         -13           0      231031
         -14           0      231030
         -15           0      231029
         -16           0      231028
         -16          -1      227528
         -17          -1      227527
         -17           0      231027
         -17           1      234527
         -16           1      234528
         -15           1      234529
         -14           1      234530
         -14           2      238030
         -15           2      238029
         -16           2      238028
         -16           3      241528
         -16           4      245028
         -16           5      248528
         -16           6      252028
         -15           6      252029
         -14           6      252030
         -13           6      252031
         -12           6      252032
         -12           7      255532
         -12           8      259032
         -11           8      259033
         -11           9      262533
         -12           9      262532
         -13           9      262531
         -13           8      259031
         -13           7      255531
         -14           7      255530
         -15           7      255529
         -15           8      259029
         -16           8      259028
         -16           7      255528
         -17           7      255527
         -17           6      252027
         -17           5      248527
         -17           4      245027
         -17           3      241527
         -17           2      238027
         -18           2      238026
         -18           1      234526
         -18           0      231026
         -18          -1      227526
         -19          -1      227525
         -19           0      231025
         -19           1      234525
         -19           2      238025
         -20           2      238024
         -21           2      238023
         -21           3      241523
         -22           3      241522
         -22           2      238022
         -22           1      234522
         -21           1      234523
         -20           1      234524
         -20           0      231024
         -21           0      231023
         -21          -1      227523
         -20          -1      227524
         -20          -2      224024
         -20          -3      220524
         -20          -4      217024
         -20          -5      213524
         -20          -6      210024
         -21          -6      210023
         -22          -6      210022
         -22          -5      213522
         -21          -5      213523
         -21          -4      217023
         -22          -4      217022
         -22          -3      220522
         -21          -3      220523
         -21          -2      224023
         -22          -2      224022
         -22          -1      227522
         -22           0      231022
         -23           0      231021
         -23          -1      227521
         -23          -2      224021
         -23          -3      220521
         -23          -4      217021
         -24          -4      217020
         -24          -5      213520
         -23          -5      213521
         -23          -6      210021
         -23          -7      206521
         -22          -7      206522
         -21          -7      206523
         -20          -7      206524
         -19          -7      206525
         -18          -7      206526
         -17          -7      206527
         -17          -8      203027
         -18          -8      203026
         -18          -9      199526
         -17          -9      199527
         -17         -10      196027
         -17         -11      192527
         -18         -11      192526
         -18         -10      196026
         -19         -10      196025
         -19         -11      192525
         -19         -12      189025
         -18         -12      189026
         -17         -12      189027
         -16         -12      189028
         -16         -11      192528
         -16         -10      196028
         -16          -9      199528
         -16          -8      203028
         -16          -7      206528
         -16          -6      210028
         -16          -5      213528
         -17          -5      213527
         -17          -6      210027
         -18          -6      210026
         -18          -5      213526
         -19          -5      213525
         -19          -4      217025
         -18          -4      217026
         -18          -3      220526
         -19          -3      220525
         -19          -2      224025
         -18          -2      224026
         -17          -2      224027
         -17          -3      220527
         -17          -4      217027
         -16          -4      217028
         -15          -4      217029
         -14          -4      217030
         -14          -5      213530
         -15          -5      213529
         -15          -6      210029
         -14          -6      210030
         -13          -6      210031
         -13          -5      213531
         -12          -5      213532
         -12          -4      217032
         -13          -4      217031
         -13          -3      220531
         -14          -3      220530
         -15          -3      220529
         -16          -3      220528
         -16          -2      224028
         -15          -2      224029
         -15          -1      227529
         -14          -1      227530
         -14          -2      224030
         -13          -2      224031
         -12          -2      224032
         -12          -3      220532
         -11          -3      220533
         -11          -4      217033
         -10          -4      217034
         -10          -5      213534
         -11          -5      213533
         -11          -6      210033
         -10          -6      210034
         -10          -7      206534
          -9          -7      206535
          -9          -6      210035
          -9          -5      213535
          -9          -4      217035
          -8          -4      217036
          -8          -5      213536
          -7          -5      213537
          -6          -5      213538
          -6          -6      210038
          -7          -6      210037
          -8          -6      210036
          -8          -7      206536
          -8          -8      203036
          -9          -8      203035
         -10          -8      203034
         -11          -8      203033
         -12          -8      203032
         -12          -9      199532
         -13          -9      199531
         -13         -10      196031
         -13         -11      192531
         -14         -11      192530
         -14         -10      196030
         -15         -10      196029
         -15         -11      192529
         -15         -12      189029
         -14         -12      189030
         -13         -12      189031
         -12         -12      189032
         -12         -13      185532
         -13         -13      185531
         -14         -13      185530
         -15         -13      185529
         -15         -14      182029
         -16         -14      182028
         -16         -13      185528
         -17         -13      185527
         -18         -13      185526
         -18         -14      182026
         -17         -14      182027
         -17         -15      178527
         -18         -15      178526
         -19         -15      178525
         -19         -16      175025
         -20         -16      175024
         -20         -15      178524
         -21         -15      178523
         -21         -16      175023
         -22         -16      175022
         -23         -16      175021
         -23         -17      171521
         -22         -17      171522
         -21         -17      171523
         -20         -17      171524
         -20         -18      168024
         -20         -19      164524
         -21         -19      164523
         -21         -18      168023
         -22         -18      168022
         -23         -18      168021
         -24         -18      168020
         -24         -19      164520
         -23         -19      164521
         -22         -19      164522
         -22         -20      161022
         -22         -21      157522
         -23         -21      157521
         -23         -20      161021
         -24         -20      161020
         -25         -20      161019
         -25         -21      157519
         -24         -21      157520
         -24         -22      154020
         -23         -22      154021
         -22         -22      154022
         -21         -22      154023
         -21         -21      157523
         -21         -20      161023
         -20         -20      161024
         -19         -20      161025
         -19         -21      157525
         -20         -21      157524
         -20         -22      154024
         -19         -22      154025
         -19         -23      150525
         -20         -23      150524
         -20         -24      147024
         -20         -25      143524
         -20         -26      140024
         -21         -26      140023
         -21         -25      143523
         -21         -24      147023
         -21         -23      150523
         -22         -23      150522
         -23         -23      150521
         -23         -24      147021
         -22         -24      147022
         -22         -25      143522
         -23         -25      143521
         -23         -26      140021
         -24         -26      140020
         -24         -27      136520
         -23         -27      136521
         -23         -28      133021
         -24         -28      133020
         -25         -28      133019
         -25         -29      129519
         -26         -29      129518
         -26         -28      133018
         -26         -27      136518
         -26         -26      140018
         -25         -26      140019
         -25         -25      143519
         -25         -24      147019
         -25         -23      150519
         -25         -22      154019
         -26         -22      154018
         -27         -22      154017
         -27         -23      150517
         -28         -23      150516
         -28         -22      154016
         -29         -22      154015
         -30         -22      154014
         -31         -22      154013
         -31         -21      157513
         -30         -21      157514
         -30         -20      161014
         -31         -20      161013
         -31         -19      164513
         -30         -19      164514
         -29         -19      164515
         -29         -20      161015
         -29         -21      157515
         -28         -21      157516
         -27         -21      157517
         -26         -21      157518
         -26         -20      161018
         -27         -20      161017
         -28         -20      161016
         -28         -19      164516
         -27         -19      164517
         -26         -19      164518
         -26         -18      168018
         -26         -17      171518
         -25         -17      171519
         -24         -17      171520
         -24         -16      175020
         -25         -16      175019
         -26         -16      175018
         -27         -16      175017
         -27         -15      178517
         -27         -14      182017
         -28         -14      182016
         -28         -15      178516
         -28         -16      175016
         -28         -17      171516
         -27         -17      171517
         -27         -18      168017
         -28         -18      168016
         -29         -18      168015
         -30         -18      168014
         -30         -17      171514
         -29         -17      171515
         -29         -16      175015
         -29         -15      178515
         -29         -14      182015
         -30         -14      182014
         -30         -15      178514
         -30         -16      175014
         -31         -16      175013
         -31         -17      171513
         -32         -17      171512
         -33         -17      171511
         -33         -18      168011
         -34         -18      168010
         -35         -18      168009
         -35         -19      164509
         -35         -20      161009
         -34         -20      161010
         -34         -19      164510
         -33         -19      164511
         -33         -20      161011
         -32         -20      161012
         -32         -21      157512
         -33         -21      157511
         -34         -21      157510
         -35         -21      157509
         -36         -21      157508
         -37         -21      157507
         -37         -20      161007
         -36         -20      161008
         -36         -19      164508
         -36         -18      168008
         -36         -17      171508
         -36         -16      175008
         -35         -16      175009
         -35         -17      171509
         -34         -17      171510
         -34         -16      175010
         -33         -16      175011
         -32         -16      175012
         -32         -15      178512
         -31         -15      178513
         -31         -14      182013
         -31         -13      185513
         -30         -13      185514
         -29         -13      185515
         -28         -13      185516
         -27         -13      185517
         -26         -13      185518
         -26         -14      182018
         -26         -15      178518
         -25         -15      178519
         -24         -15      178520
         -24         -14      182020
         -25         -14      182019
         -25         -13      185519
         -24         -13      185520
         -23         -13      185521
         -23         -14      182021
         -23         -15      178521
         -22         -15      178522
         -22         -14      182022
         -22         -13      185522
         -21         -13      185523
         -21         -14      182023
         -20         -14      182024
         -19         -14      182025
         -19         -13      185525
         -20         -13      185524
         -20         -12      189024
         -21         -12      189023
         -22         -12      189022
         -23         -12      189021
         -23         -11      192521
         -23         -10      196021
         -22         -10      196022
         -22         -11      192522
         -21         -11      192523
         -21         -10      196023
         -20         -10      196024
         -20          -9      199524
         -21          -9      199523
         -22          -9      199522
         -23          -9      199521
         -24          -9      199520
         -24         -10      196020
         -24         -11      192520
         -25         -11      192519
         -25         -12      189019
         -26         -12      189018
         -27         -12      189017
         -27         -11      192517
         -27         -10      196017
         -28         -10      196016
         -29         -10      196015
         -29         -11      192515
         -30         -11      192514
         -30         -12      189014
         -31         -12      189013
         -31         -11      192513
         -32         -11      192512
         -32         -10      196012
         -32          -9      199512
         -31          -9      199513
         -31         -10      196013
         -30         -10      196014
         -30          -9      199514
         -29          -9      199515
         -29          -8      203015
         -28          -8      203016
         -28          -9      199516
         -27          -9      199517
         -27          -8      203017
         -26          -8      203018
         -25          -8      203019
         -25          -7      206519
         -26          -7      206518
         -26          -6      210018
         -25          -6      210019
         -24          -6      210020
         -24          -7      206520
         -24          -8      203020
         -23          -8      203021
         -22          -8      203022
         -21          -8      203023
         -20          -8      203024
         -19          -8      203025
         -19          -9      199525
