 ira =            3   masha =     15804016
           0           0           3
           0           1        4003
          -1           1        4002
          -1           0           2
          -1          -1    15996002
           0          -1    15996003
           1          -1    15996004
           1          -2    15992004
           1          -3    15988004
           1          -4    15984004
           2          -4    15984005
           3          -4    15984006
           4          -4    15984007
           4          -3    15988007
           4          -2    15992007
           5          -2    15992008
           5          -1    15996008
           5           0           8
           5           1        4008
           4           1        4007
           4           2        8007
           5           2        8008
           5           3       12008
           4           3       12007
           4           4       16007
           4           5       20007
           3           5       20006
           3           6       24006
           4           6       24007
           5           6       24008
           6           6       24009
           6           5       20009
           6           4       16009
           6           3       12009
           6           2        8009
           7           2        8010
           7           3       12010
           8           3       12011
           9           3       12012
           9           4       16012
           8           4       16011
           7           4       16010
           7           5       20010
           8           5       20011
           9           5       20012
          10           5       20013
          10           6       24013
          11           6       24014
          11           7       28014
          12           7       28015
          12           8       32015
          13           8       32016
          13           7       28016
          13           6       24016
          12           6       24015
          12           5       20015
          12           4       16015
          13           4       16016
          13           5       20016
          14           5       20017
          14           6       24017
          14           7       28017
          15           7       28018
          15           6       24018
          15           5       20018
          16           5       20019
          16           6       24019
          17           6       24020
          17           7       28020
          16           7       28019
          16           8       32019
          17           8       32020
          18           8       32021
          18           7       28021
          18           6       24021
          18           5       20021
          18           4       16021
          18           3       12021
          19           3       12022
          19           4       16022
          20           4       16023
          21           4       16024
          22           4       16025
          22           5       20025
          23           5       20026
          23           6       24026
          22           6       24025
          22           7       28025
          23           7       28026
          24           7       28027
          24           6       24027
          25           6       24028
          25           7       28028
          25           8       32028
          24           8       32027
          23           8       32026
          22           8       32025
          21           8       32024
          21           7       28024
          21           6       24024
          21           5       20024
          20           5       20023
          19           5       20022
          19           6       24022
          20           6       24023
          20           7       28023
          20           8       32023
          20           9       36023
          21           9       36024
          22           9       36025
          23           9       36026
          24           9       36027
          25           9       36028
          25          10       40028
          25          11       44028
          26          11       44029
          27          11       44030
          28          11       44031
          28          10       40031
          27          10       40030
          26          10       40029
          26           9       36029
          26           8       32029
          26           7       28029
          26           6       24029
          26           5       20029
          27           5       20030
          27           4       16030
          26           4       16029
          25           4       16028
          25           5       20028
          24           5       20027
          24           4       16027
          23           4       16026
          23           3       12026
          24           3       12027
          25           3       12028
          26           3       12029
          27           3       12030
          27           2        8030
          26           2        8029
          25           2        8028
          24           2        8027
          23           2        8026
          22           2        8025
          21           2        8024
          20           2        8023
          20           1        4023
          20           0          23
          21           0          24
          21           1        4024
          22           1        4025
          23           1        4026
          24           1        4027
          25           1        4028
          25           0          28
          25          -1    15996028
          25          -2    15992028
          24          -2    15992027
          24          -1    15996027
          24           0          27
          23           0          26
          23          -1    15996026
          22          -1    15996025
          21          -1    15996024
          21          -2    15992024
          22          -2    15992025
          23          -2    15992026
          23          -3    15988026
          24          -3    15988027
          25          -3    15988028
          25          -4    15984028
          25          -5    15980028
          25          -6    15976028
          24          -6    15976027
          24          -5    15980027
          24          -4    15984027
          23          -4    15984026
          22          -4    15984025
          22          -5    15980025
          23          -5    15980026
          23          -6    15976026
          23          -7    15972026
          22          -7    15972025
          22          -8    15968025
          23          -8    15968026
          24          -8    15968027
          24          -9    15964027
          23          -9    15964026
          22          -9    15964025
          21          -9    15964024
          21         -10    15960024
          22         -10    15960025
          23         -10    15960026
          23         -11    15956026
          22         -11    15956025
          22         -12    15952025
          23         -12    15952026
          24         -12    15952027
          25         -12    15952028
          25         -11    15956028
          24         -11    15956027
          24         -10    15960027
          25         -10    15960028
          26         -10    15960029
          26         -11    15956029
          26         -12    15952029
          26         -13    15948029
          27         -13    15948030
          27         -14    15944030
          26         -14    15944029
          25         -14    15944028
          25         -15    15940028
          24         -15    15940027
          24         -16    15936027
          25         -16    15936028
          26         -16    15936029
          27         -16    15936030
          27         -15    15940030
          28         -15    15940031
          28         -16    15936031
          28         -17    15932031
          29         -17    15932032
          29         -18    15928032
          29         -19    15924032
          28         -19    15924031
          28         -20    15920031
          29         -20    15920032
          29         -21    15916032
          28         -21    15916031
          27         -21    15916030
          27         -22    15912030
          27         -23    15908030
          28         -23    15908031
          28         -24    15904031
          29         -24    15904032
          29         -25    15900032
          29         -26    15896032
          29         -27    15892032
          28         -27    15892031
          27         -27    15892030
          27         -28    15888030
          26         -28    15888029
          25         -28    15888028
          24         -28    15888027
          24         -27    15892027
          25         -27    15892028
          25         -26    15896028
          24         -26    15896027
          24         -25    15900027
          23         -25    15900026
          23         -26    15896026
          23         -27    15892026
          23         -28    15888026
          22         -28    15888025
          22         -29    15884025
          23         -29    15884026
          23         -30    15880026
          24         -30    15880027
          24         -29    15884027
          25         -29    15884028
          25         -30    15880028
          25         -31    15876028
          25         -32    15872028
          24         -32    15872027
          24         -31    15876027
          23         -31    15876026
          22         -31    15876025
          22         -30    15880025
          21         -30    15880024
          21         -29    15884024
          21         -28    15888024
          21         -27    15892024
          22         -27    15892025
          22         -26    15896025
          22         -25    15900025
          22         -24    15904025
          23         -24    15904026
          24         -24    15904027
          25         -24    15904028
          25         -25    15900028
          26         -25    15900029
          26         -26    15896029
          27         -26    15896030
          28         -26    15896031
          28         -25    15900031
          27         -25    15900030
          27         -24    15904030
          26         -24    15904029
          26         -23    15908029
          25         -23    15908028
          25         -22    15912028
          26         -22    15912029
          26         -21    15916029
          26         -20    15920029
          25         -20    15920028
          24         -20    15920027
          24         -19    15924027
          23         -19    15924026
          23         -18    15928026
          22         -18    15928025
          22         -19    15924025
          21         -19    15924024
          21         -18    15928024
          21         -17    15932024
          20         -17    15932023
          19         -17    15932022
          19         -18    15928022
          20         -18    15928023
          20         -19    15924023
          19         -19    15924022
          19         -20    15920022
          20         -20    15920023
          20         -21    15916023
          20         -22    15912023
          21         -22    15912024
          21         -21    15916024
          21         -20    15920024
          22         -20    15920025
          23         -20    15920026
          23         -21    15916026
          22         -21    15916025
          22         -22    15912025
          22         -23    15908025
          21         -23    15908024
          20         -23    15908023
          19         -23    15908022
          18         -23    15908021
          18         -22    15912021
          19         -22    15912022
          19         -21    15916022
          18         -21    15916021
          18         -20    15920021
          18         -19    15924021
          17         -19    15924020
          17         -18    15928020
          18         -18    15928021
          18         -17    15932021
          17         -17    15932020
          16         -17    15932019
          16         -18    15928019
          15         -18    15928018
          15         -17    15932018
          15         -16    15936018
          16         -16    15936019
          17         -16    15936020
          18         -16    15936021
          18         -15    15940021
          18         -14    15944021
          18         -13    15948021
          19         -13    15948022
          19         -12    15952022
          19         -11    15956022
          19         -10    15960022
          18         -10    15960021
          17         -10    15960020
          16         -10    15960019
          16         -11    15956019
          17         -11    15956020
          17         -12    15952020
          17         -13    15948020
          16         -13    15948019
          15         -13    15948018
          14         -13    15948017
          14         -14    15944017
          13         -14    15944016
          13         -13    15948016
          13         -12    15952016
          14         -12    15952017
          14         -11    15956017
          14         -10    15960017
          13         -10    15960016
          12         -10    15960015
          12         -11    15956015
          11         -11    15956014
          10         -11    15956013
           9         -11    15956012
           9         -10    15960012
           8         -10    15960011
           8         -11    15956011
           8         -12    15952011
           7         -12    15952010
           7         -13    15948010
           6         -13    15948009
           5         -13    15948008
           4         -13    15948007
           4         -14    15944007
           4         -15    15940007
           4         -16    15936007
           4         -17    15932007
           4         -18    15928007
           5         -18    15928008
           5         -17    15932008
           5         -16    15936008
           5         -15    15940008
           5         -14    15944008
           6         -14    15944009
           7         -14    15944010
           8         -14    15944011
           8         -13    15948011
           9         -13    15948012
          10         -13    15948013
          10         -14    15944013
          11         -14    15944014
          12         -14    15944015
          12         -15    15940015
          11         -15    15940014
          10         -15    15940013
           9         -15    15940012
           8         -15    15940011
           8         -16    15936011
           7         -16    15936010
           7         -17    15932010
           8         -17    15932011
           9         -17    15932012
           9         -16    15936012
          10         -16    15936013
          11         -16    15936014
          11         -17    15932014
          12         -17    15932015
          12         -16    15936015
          13         -16    15936016
          13         -15    15940016
          14         -15    15940017
          14         -16    15936017
          14         -17    15932017
          13         -17    15932016
          13         -18    15928016
          12         -18    15928015
          11         -18    15928014
          11         -19    15924014
          10         -19    15924013
           9         -19    15924012
           9         -18    15928012
           8         -18    15928011
           7         -18    15928010
           6         -18    15928009
           6         -19    15924009
           6         -20    15920009
           5         -20    15920008
           5         -19    15924008
           4         -19    15924007
           4         -20    15920007
           3         -20    15920006
           3         -21    15916006
           2         -21    15916005
           1         -21    15916004
           1         -22    15912004
           0         -22    15912003
          -1         -22    15912002
          -1         -23    15908002
          -2         -23    15908001
          -2         -22    15912001
          -2         -21    15916001
          -1         -21    15916002
           0         -21    15916003
           0         -20    15920003
          -1         -20    15920002
          -2         -20    15920001
          -2         -19    15924001
          -1         -19    15924002
           0         -19    15924003
           0         -18    15928003
           0         -17    15932003
           0         -16    15936003
          -1         -16    15936002
          -1         -17    15932002
          -1         -18    15928002
          -2         -18    15928001
          -2         -17    15932001
          -3         -17    15936000
          -4         -17    15935999
          -4         -18    15931999
          -3         -18    15932000
          -3         -19    15928000
          -3         -20    15924000
          -3         -21    15920000
          -3         -22    15916000
          -3         -23    15912000
          -4         -23    15911999
          -4         -24    15907999
          -4         -25    15903999
          -3         -25    15904000
          -2         -25    15900001
          -2         -26    15896001
          -2         -27    15892001
          -2         -28    15888001
          -3         -28    15892000
          -3         -27    15896000
          -3         -26    15900000
          -4         -26    15899999
          -4         -27    15895999
          -4         -28    15891999
          -4         -29    15887999
          -3         -29    15888000
          -2         -29    15884001
          -1         -29    15884002
          -1         -28    15888002
          -1         -27    15892002
           0         -27    15892003
           0         -28    15888003
           0         -29    15884003
           1         -29    15884004
           1         -30    15880004
           0         -30    15880003
           0         -31    15876003
           1         -31    15876004
           1         -32    15872004
           0         -32    15872003
          -1         -32    15872002
          -1         -31    15876002
          -2         -31    15876001
          -3         -31    15880000
          -4         -31    15879999
          -4         -30    15883999
          -5         -30    15883998
          -5         -31    15879998
          -6         -31    15879997
          -6         -30    15883997
          -7         -30    15883996
          -7         -31    15879996
          -7         -32    15875996
          -8         -32    15875995
          -8         -33    15871995
          -7         -33    15871996
          -6         -33    15871997
          -5         -33    15871998
          -5         -32    15875998
          -4         -32    15875999
          -4         -33    15871999
          -3         -33    15872000
          -3         -32    15876000
          -2         -32    15872001
          -2         -33    15868001
          -1         -33    15868002
           0         -33    15868003
           0         -34    15864003
           0         -35    15860003
          -1         -35    15860002
          -1         -36    15856002
          -2         -36    15856001
          -2         -35    15860001
          -2         -34    15864001
          -3         -34    15868000
          -4         -34    15867999
          -5         -34    15867998
          -6         -34    15867997
          -6         -35    15863997
          -7         -35    15863996
          -7         -34    15867996
          -8         -34    15867995
          -9         -34    15867994
          -9         -33    15871994
          -9         -32    15875994
         -10         -32    15875993
         -10         -31    15879993
          -9         -31    15879994
          -8         -31    15879995
          -8         -30    15883995
          -8         -29    15887995
          -7         -29    15887996
          -6         -29    15887997
          -5         -29    15887998
          -5         -28    15891998
          -5         -27    15895998
          -5         -26    15899998
          -5         -25    15903998
          -6         -25    15903997
          -6         -26    15899997
          -6         -27    15895997
          -6         -28    15891997
          -7         -28    15891996
          -8         -28    15891995
          -9         -28    15891994
         -10         -28    15891993
         -10         -27    15895993
          -9         -27    15895994
          -9         -26    15899994
          -8         -26    15899995
          -8         -27    15895995
          -7         -27    15895996
          -7         -26    15899996
          -7         -25    15903996
          -7         -24    15907996
          -6         -24    15907997
          -5         -24    15907998
          -5         -23    15911998
          -5         -22    15915998
          -4         -22    15915999
          -4         -21    15919999
          -5         -21    15919998
          -6         -21    15919997
          -7         -21    15919996
          -7         -22    15915996
          -6         -22    15915997
          -6         -23    15911997
          -7         -23    15911996
          -8         -23    15911995
          -8         -22    15915995
          -9         -22    15915994
          -9         -21    15919994
          -9         -20    15923994
         -10         -20    15923993
         -10         -21    15919993
         -10         -22    15915993
         -11         -22    15915992
         -11         -23    15911992
         -10         -23    15911993
          -9         -23    15911994
          -9         -24    15907994
          -8         -24    15907995
          -8         -25    15903995
          -9         -25    15903994
         -10         -25    15903993
         -10         -26    15899993
         -11         -26    15899992
         -11         -27    15895992
         -11         -28    15891992
         -11         -29    15887992
         -10         -29    15887993
          -9         -29    15887994
          -9         -30    15883994
         -10         -30    15883993
         -11         -30    15883992
         -12         -30    15883991
         -12         -29    15887991
         -12         -28    15891991
         -13         -28    15891990
         -13         -27    15895990
         -12         -27    15895991
         -12         -26    15899991
         -13         -26    15899990
         -14         -26    15899989
         -14         -27    15895989
         -15         -27    15895988
         -15         -28    15891988
         -14         -28    15891989
         -14         -29    15887989
         -13         -29    15887990
         -13         -30    15883990
         -14         -30    15883989
         -14         -31    15879989
         -13         -31    15879990
         -13         -32    15875990
         -12         -32    15875991
         -12         -31    15879991
         -11         -31    15879992
         -11         -32    15875992
         -11         -33    15871992
         -11         -34    15867992
         -11         -35    15863992
         -11         -36    15859992
         -11         -37    15855992
         -10         -37    15855993
          -9         -37    15855994
          -8         -37    15855995
          -7         -37    15855996
          -7         -38    15851996
          -6         -38    15851997
          -6         -39    15847997
          -5         -39    15847998
          -4         -39    15847999
          -3         -39    15848000
          -3         -38    15852000
          -2         -38    15848001
          -2         -39    15844001
          -2         -40    15840001
          -3         -40    15844000
          -3         -41    15840000
          -4         -41    15839999
          -4         -42    15835999
          -4         -43    15831999
          -5         -43    15831998
          -5         -44    15827998
          -5         -45    15823998
          -5         -46    15819998
          -6         -46    15819997
          -7         -46    15819996
          -7         -45    15823996
          -7         -44    15827996
          -7         -43    15831996
          -8         -43    15831995
          -8         -42    15835995
          -7         -42    15835996
          -6         -42    15835997
          -5         -42    15835998
          -5         -41    15839998
          -5         -40    15843998
          -6         -40    15843997
          -6         -41    15839997
          -7         -41    15839996
          -8         -41    15839995
          -8         -40    15843995
          -7         -40    15843996
          -7         -39    15847996
          -8         -39    15847995
          -8         -38    15851995
          -9         -38    15851994
         -10         -38    15851993
         -11         -38    15851992
         -11         -39    15847992
         -12         -39    15847991
         -12         -40    15843991
         -12         -41    15839991
         -13         -41    15839990
         -13         -42    15835990
         -14         -42    15835989
         -14         -43    15831989
         -13         -43    15831990
         -12         -43    15831991
         -12         -44    15827991
         -11         -44    15827992
         -11         -43    15831992
         -11         -42    15835992
         -10         -42    15835993
          -9         -42    15835994
          -9         -43    15831994
          -9         -44    15827994
          -8         -44    15827995
          -8         -45    15823995
          -8         -46    15819995
          -8         -47    15815995
          -7         -47    15815996
          -7         -48    15811996
          -8         -48    15811995
          -8         -49    15807995
          -7         -49    15807996
          -6         -49    15807997
          -5         -49    15807998
          -4         -49    15807999
          -4         -50    15803999
          -5         -50    15803998
          -5         -51    15799998
          -4         -51    15799999
          -3         -51    15800000
          -3         -50    15804000
          -2         -50    15800001
          -2         -49    15804001
          -3         -49    15808000
          -3         -48    15812000
          -4         -48    15811999
          -5         -48    15811998
          -6         -48    15811997
          -6         -47    15815997
          -5         -47    15815998
          -4         -47    15815999
          -3         -47    15816000
          -3         -46    15820000
          -3         -45    15824000
          -2         -45    15820001
          -2         -46    15816001
          -2         -47    15812001
          -2         -48    15808001
          -1         -48    15808002
          -1         -47    15812002
           0         -47    15812003
           1         -47    15812004
           1         -48    15808004
           1         -49    15804004
           2         -49    15804005
           2         -50    15800005
           3         -50    15800006
           3         -49    15804006
           4         -49    15804007
           4         -50    15800007
           5         -50    15800008
           6         -50    15800009
           6         -51    15796009
           7         -51    15796010
           7         -50    15800010
           8         -50    15800011
           8         -51    15796011
           9         -51    15796012
          10         -51    15796013
          11         -51    15796014
          12         -51    15796015
          12         -52    15792015
          12         -53    15788015
          11         -53    15788014
          11         -52    15792014
          10         -52    15792013
          10         -53    15788013
          10         -54    15784013
           9         -54    15784012
           9         -55    15780012
          10         -55    15780013
          11         -55    15780014
          11         -54    15784014
          12         -54    15784015
          13         -54    15784016
          13         -53    15788016
          14         -53    15788017
          15         -53    15788018
          15         -52    15792018
          14         -52    15792017
          14         -51    15796017
          15         -51    15796018
          15         -50    15800018
          14         -50    15800017
          13         -50    15800016
          13         -49    15804016
