 ira =      6032503   masha =      6055018
           0           0     6032503
          -1           0     6032502
          -1          -1     6030002
          -2          -1     6030001
          -3          -1     6032500
          -4          -1     6032499
          -5          -1     6032498
          -5           0     6034998
          -4           0     6034999
          -4           1     6037499
          -4           2     6039999
          -5           2     6039998
          -5           1     6037498
          -6           1     6037497
          -6           0     6034997
          -6          -1     6032497
          -6          -2     6029997
          -5          -2     6029998
          -4          -2     6029999
          -4          -3     6027499
          -3          -3     6027500
          -2          -3     6025001
          -2          -4     6022501
          -3          -4     6025000
          -4          -4     6024999
          -4          -5     6022499
          -4          -6     6019999
          -4          -7     6017499
          -5          -7     6017498
          -5          -6     6019998
          -6          -6     6019997
          -6          -7     6017497
          -6          -8     6014997
          -6          -9     6012497
          -6         -10     6009997
          -5         -10     6009998
          -4         -10     6009999
          -3         -10     6010000
          -3          -9     6012500
          -4          -9     6012499
          -5          -9     6012498
          -5          -8     6014998
          -4          -8     6014999
          -3          -8     6015000
          -2          -8     6012501
          -2          -7     6015001
          -3          -7     6017500
          -3          -6     6020000
          -3          -5     6022500
          -2          -5     6020001
          -2          -6     6017501
          -1          -6     6017502
          -1          -7     6015002
          -1          -8     6012502
          -1          -9     6010002
          -2          -9     6010001
          -2         -10     6007501
          -1         -10     6007502
           0         -10     6007503
           0         -11     6005003
          -1         -11     6005002
          -1         -12     6002502
           0         -12     6002503
           0         -13     6000003
          -1         -13     6000002
          -1         -14     5997502
          -1         -15     5995002
           0         -15     5995003
           0         -14     5997503
           1         -14     5997504
           2         -14     5997505
           3         -14     5997506
           3         -13     6000006
           3         -12     6002506
           2         -12     6002505
           2         -13     6000005
           1         -13     6000004
           1         -12     6002504
           1         -11     6005004
           2         -11     6005005
           3         -11     6005006
           3         -10     6007506
           3          -9     6010006
           4          -9     6010007
           4         -10     6007507
           4         -11     6005007
           4         -12     6002507
           5         -12     6002508
           5         -11     6005008
           5         -10     6007508
           6         -10     6007509
           7         -10     6007510
           7          -9     6010010
           8          -9     6010011
           9          -9     6010012
           9          -8     6012512
           8          -8     6012511
           8          -7     6015011
           8          -6     6017511
           8          -5     6020011
           8          -4     6022511
           7          -4     6022510
           7          -5     6020010
           7          -6     6017510
           6          -6     6017509
           6          -7     6015009
           7          -7     6015010
           7          -8     6012510
           6          -8     6012509
           6          -9     6010009
           5          -9     6010008
           5          -8     6012508
           4          -8     6012507
           3          -8     6012506
           2          -8     6012505
           2          -9     6010005
           2         -10     6007505
           1         -10     6007504
           1          -9     6010004
           0          -9     6010003
           0          -8     6012503
           0          -7     6015003
           0          -6     6017503
           0          -5     6020003
           1          -5     6020004
           1          -4     6022504
           2          -4     6022505
           2          -5     6020005
           2          -6     6017505
           1          -6     6017504
           1          -7     6015004
           2          -7     6015005
           3          -7     6015006
           4          -7     6015007
           5          -7     6015008
           5          -6     6017508
           4          -6     6017507
           3          -6     6017506
           3          -5     6020006
           3          -4     6022506
           4          -4     6022507
           4          -5     6020007
           5          -5     6020008
           6          -5     6020009
           6          -4     6022509
           5          -4     6022508
           5          -3     6025008
           4          -3     6025007
           4          -2     6027507
           5          -2     6027508
           5          -1     6030008
           4          -1     6030007
           4           0     6032507
           4           1     6035007
           4           2     6037507
           5           2     6037508
           6           2     6037509
           6           1     6035009
           6           0     6032509
           7           0     6032510
           8           0     6032511
           9           0     6032512
          10           0     6032513
          10          -1     6030013
           9          -1     6030012
           8          -1     6030011
           7          -1     6030010
           7          -2     6027510
           7          -3     6025010
           8          -3     6025011
           9          -3     6025012
           9          -2     6027512
          10          -2     6027513
          11          -2     6027514
          11          -1     6030014
          11           0     6032514
          12           0     6032515
          12           1     6035015
          13           1     6035016
          13           2     6037516
          12           2     6037515
          12           3     6040015
          12           4     6042515
          11           4     6042514
          11           3     6040014
          11           2     6037514
          11           1     6035014
          10           1     6035013
          10           2     6037513
          10           3     6040013
          10           4     6042513
          10           5     6045013
          11           5     6045014
          11           6     6047514
          10           6     6047513
           9           6     6047512
           8           6     6047511
           8           5     6045011
           9           5     6045012
           9           4     6042512
           8           4     6042511
           7           4     6042510
           7           5     6045010
           7           6     6047510
           6           6     6047509
           6           7     6050009
           6           8     6052509
           7           8     6052510
           8           8     6052511
           8           9     6055011
           8          10     6057511
           9          10     6057512
          10          10     6057513
          11          10     6057514
          11          11     6060014
          11          12     6062514
          11          13     6065014
          12          13     6065015
          12          14     6067515
          13          14     6067516
          13          13     6065016
          14          13     6065017
          14          12     6062517
          13          12     6062516
          12          12     6062515
          12          11     6060015
          13          11     6060016
          14          11     6060017
          15          11     6060018
          16          11     6060019
          17          11     6060020
          17          12     6062520
          17          13     6065020
          16          13     6065019
          16          12     6062519
          15          12     6062518
          15          13     6065018
          15          14     6067518
          16          14     6067519
          17          14     6067520
          18          14     6067521
          18          13     6065021
          18          12     6062521
          18          11     6060021
          18          10     6057521
          17          10     6057520
          17           9     6055020
          17           8     6052520
          18           8     6052521
          18           7     6050021
          17           7     6050020
          16           7     6050019
          16           6     6047519
          17           6     6047520
          17           5     6045020
          18           5     6045021
          18           6     6047521
          19           6     6047522
          20           6     6047523
          20           5     6045023
          21           5     6045024
          21           6     6047524
          22           6     6047525
          22           5     6045025
          22           4     6042525
          23           4     6042526
          24           4     6042527
          24           3     6040027
          23           3     6040026
          22           3     6040025
          22           2     6037525
          21           2     6037524
          21           3     6040024
          21           4     6042524
          20           4     6042523
          20           3     6040023
          19           3     6040022
          18           3     6040021
          18           2     6037521
          18           1     6035021
          19           1     6035022
          19           2     6037522
          20           2     6037523
          20           1     6035023
          20           0     6032523
          19           0     6032522
          19          -1     6030022
          20          -1     6030023
          20          -2     6027523
          20          -3     6025023
          20          -4     6022523
          20          -5     6020023
          20          -6     6017523
          20          -7     6015023
          19          -7     6015022
          19          -6     6017522
          19          -5     6020022
          18          -5     6020021
          18          -6     6017521
          18          -7     6015021
          17          -7     6015020
          16          -7     6015019
          15          -7     6015018
          15          -6     6017518
          16          -6     6017519
          17          -6     6017520
          17          -5     6020020
          17          -4     6022520
          18          -4     6022521
          19          -4     6022522
          19          -3     6025022
          18          -3     6025021
          17          -3     6025020
          16          -3     6025019
          15          -3     6025018
          14          -3     6025017
          14          -4     6022517
          15          -4     6022518
          16          -4     6022519
          16          -5     6020019
          15          -5     6020018
          14          -5     6020017
          14          -6     6017517
          13          -6     6017516
          13          -5     6020016
          12          -5     6020015
          12          -4     6022515
          11          -4     6022514
          11          -5     6020014
          11          -6     6017514
          11          -7     6015014
          11          -8     6012514
          12          -8     6012515
          12          -7     6015015
          13          -7     6015016
          14          -7     6015017
          14          -8     6012517
          13          -8     6012516
          13          -9     6010016
          12          -9     6010015
          11          -9     6010014
          11         -10     6007514
          12         -10     6007515
          13         -10     6007516
          14         -10     6007517
          14          -9     6010017
          15          -9     6010018
          15          -8     6012518
          16          -8     6012519
          16          -9     6010019
          17          -9     6010020
          17          -8     6012520
          18          -8     6012521
          19          -8     6012522
          20          -8     6012523
          20          -9     6010023
          19          -9     6010022
          18          -9     6010021
          18         -10     6007521
          18         -11     6005021
          17         -11     6005020
          17         -10     6007520
          16         -10     6007519
          15         -10     6007518
          15         -11     6005018
          14         -11     6005017
          14         -12     6002517
          14         -13     6000017
          14         -14     5997517
          13         -14     5997516
          13         -15     5995016
          12         -15     5995015
          11         -15     5995014
          11         -16     5992514
          12         -16     5992515
          12         -17     5990015
          11         -17     5990014
          11         -18     5987514
          10         -18     5987513
           9         -18     5987512
           9         -19     5985012
           9         -20     5982512
           8         -20     5982511
           7         -20     5982510
           7         -19     5985010
           8         -19     5985011
           8         -18     5987511
           8         -17     5990011
           7         -17     5990010
           7         -16     5992510
           8         -16     5992511
           9         -16     5992512
           9         -17     5990012
          10         -17     5990013
          10         -16     5992513
          10         -15     5995013
           9         -15     5995012
           8         -15     5995011
           8         -14     5997511
           8         -13     6000011
           7         -13     6000010
           7         -14     5997510
           7         -15     5995010
           6         -15     5995009
           6         -14     5997509
           6         -13     6000009
           6         -12     6002509
           6         -11     6005009
           7         -11     6005010
           7         -12     6002510
           8         -12     6002511
           8         -11     6005011
           8         -10     6007511
           9         -10     6007512
           9         -11     6005012
           9         -12     6002512
          10         -12     6002513
          11         -12     6002514
          11         -13     6000014
          10         -13     6000013
           9         -13     6000012
           9         -14     5997512
          10         -14     5997513
          11         -14     5997514
          12         -14     5997515
          12         -13     6000015
          13         -13     6000016
          13         -12     6002516
          13         -11     6005016
          12         -11     6005015
          11         -11     6005014
          10         -11     6005013
          10         -10     6007513
          10          -9     6010013
          10          -8     6012513
          10          -7     6015013
           9          -7     6015012
           9          -6     6017512
          10          -6     6017513
          10          -5     6020013
           9          -5     6020012
           9          -4     6022512
          10          -4     6022513
          10          -3     6025013
          11          -3     6025014
          12          -3     6025015
          12          -2     6027515
          12          -1     6030015
          13          -1     6030016
          13          -2     6027516
          14          -2     6027517
          15          -2     6027518
          15          -1     6030018
          16          -1     6030019
          16          -2     6027519
          17          -2     6027520
          17          -1     6030020
          18          -1     6030021
          18           0     6032521
          17           0     6032520
          17           1     6035020
          16           1     6035019
          16           2     6037519
          17           2     6037520
          17           3     6040020
          16           3     6040019
          15           3     6040018
          15           4     6042518
          14           4     6042517
          14           3     6040017
          13           3     6040016
          13           4     6042516
          13           5     6045016
          12           5     6045015
          12           6     6047515
          13           6     6047516
          13           7     6050016
          12           7     6050015
          11           7     6050014
          10           7     6050013
           9           7     6050012
           9           8     6052512
           9           9     6055012
          10           9     6055013
          10           8     6052513
          11           8     6052514
          12           8     6052515
          13           8     6052516
          13           9     6055016
          12           9     6055015
          12          10     6057515
          13          10     6057516
          14          10     6057517
          14           9     6055017
          14           8     6052517
          14           7     6050017
          15           7     6050018
          15           8     6052518
          16           8     6052519
          16           9     6055019
          15           9     6055018
